116 2 0.00185196
631 2 0.010296
242 2 0.00387332
607 2 0.0097107
41 2 0.000537752
45 2 0.000703669
229 2 0.00372516
211 2 0.00344577
236 2 0.00325862
146 2 0.00245689
306 2 0.00517259
114 2 0.00187972
252 2 0.00410828
26 2 0.000511545
207 2 0.00337785
773 2 0.00874906
187 2 0.00329787
425 2 0.00728392
76 2 0.000931728
210 2 0.00320165
613 2 0.00981294
229 2 0.00339323
285 2 0.00490366
106 2 0.00169651
135 2 0.00252192
160 2 0.00276391
780 2 0.0129804
111 2 0.00163559
99 2 0.00137929
62 2 0.000900371
812 2 0.0135903
403 2 0.00457779
254 2 0.00414334
417 2 0.00668983
162 2 0.00261247
623 2 0.00859448
138 2 0.00228394
392 2 0.00689989
424 2 0.00758896
439 2 0.00795886
437 2 0.00741653
853 2 0.00853091
140 2 0.00228946
78 2 0.00136068
4106 2 0.0308966
9827 2 0.0987867
4413 2 0.0433526
8232 2 0.0623469
704 2 0.00602753
493 2 0.00868898
3216 2 0.0456228
1347 2 0.0215458
9305 2 0.0929999
319 2 0.00576754
6073 2 0.0796287
8392 2 0.0933135
7570 2 0.0892469
2216 2 0.0259563
7352 2 0.0692423
9892 2 0.106019
1191 2 0.0196972
1733 2 0.0271508
7524 2 0.0848901
7793 2 0.0935964
2678 2 0.0410368
6565 2 0.0714804
