1000 2 0.0138371
1000 9 0.01934
1000 7 0.0186068
1000 6 0.0191519
1000 7 0.0165854
1000 10 0.0209407
1000 3 0.016067
1000 4 0.00710242
1000 2 0.0161207
999 1 0.0144365
1000 6 0.0174181
1000 4 0.0177448
1000 5 0.0198051
1000 6 0.0181426
1000 7 0.00839091
1000 10 0.0187485
1000 8 0.0193481
1000 2 0.0153545
1000 3 0.0186166
1000 9 0.00944771
1000 5 0.0186363
998 1 0.0136183
1000 5 0.0198993
1000 10 0.0176806
1000 8 0.0181075
1000 5 0.0188655
1000 5 0.0173977
1000 9 0.0206909
1000 10 0.017652
1000 6 0.0190954
997 1 0.0141767
1000 7 0.0170132
1000 10 0.018687
1000 6 0.0187002
1000 4 0.0171449
1000 10 0.0210822
1000 7 0.0130045
1000 10 0.00906843
1000 6 0.0183268
1000 4 0.0173045
1000 2 0.0160339
1000 7 0.0184252
1000 6 0.0187386
996 1 0.0146953
998 1 0.012061
1000 1 0.0142177
999 1 0.00741761
1000 7 0.0153487
1000 2 0.0164688
999 1 0.0140692
998 1 0.00713875
1000 7 0.0177855
998 1 0.0149482
1000 4 0.017301
1000 8 0.0185044
1000 4 0.017378
1000 8 0.0117469
997 1 0.013157
994 1 0.0146364
1000 10 0.0198434
1000 5 0.0187644
1000 6 0.0141515
1000 3 0.017541
1000 3 0.011096
1000 8 0.0154152
1000 10 0.0195102
1000 9 0.0201186
1000 6 0.0179875
1000 59 0.0276902
1000 43 0.026978
1000 68 0.0314091
1000 81 0.0387399
1000 70 0.0299252
1000 39 0.0246816
1000 95 0.0387139
1000 92 0.0409909
1000 55 0.0276367
1000 91 0.0351788
1000 43 0.0282823
1000 13 0.0207053
1000 94 0.0344807
1000 35 0.0263935
1000 56 0.028796
1000 56 0.0271772
1000 84 0.0368449
1000 89 0.0281898
1000 35 0.0264964
1000 85 0.0360215
1000 88 0.0326478
1000 18 0.0219363
1000 64 0.0301257
1000 79 0.0342416
1000 86 0.0339495
1000 79 0.0310146
1000 100 0.0355665
1000 41 0.0263219
1000 768 0.181719
1000 128 0.046615
1000 547 0.13116
1000 747 0.187763
1000 264 0.0677103
1000 459 0.112032
1000 929 0.219184
1000 475 0.118437
1000 921 0.215338
1000 264 0.0685761
1000 816 0.196513
1000 829 0.196615
1000 484 0.119292
1000 166 0.0472526
1000 629 0.154256
1000 753 0.179569
1000 848 0.19894
1000 7474 1.7288
1000 7539 1.73621
1000 8676 2.10974
1000 1717 0.390812
1000 3745 0.849359
1000 8823 1.99076
1000 9556 2.24453
1000 9230 2.05964
1000 4650 1.06345
1000 7875 1.80928
