270 4
-597 -33 798 -577
-839 589 -909 -814
-197 -204 749 199
2 457 -881 -65
-356 -191 45 -166
894 -36 170 -51
-521 -330 127 603
878 68 -54 583
352 742 728 -783
-561 -684 418 557
-246 -461 882 -156
-790 287 5 -930
-945 -587 758 35
-555 -269 897 -963
-761 -76 997 -180
-545 94 -295 -594
422 -602 -723 94
-587 241 -731 -47
-401 967 851 468
-488 16 533 5
286 -372 -447 -251
-617 -309 -37 -124
-202 -255 961 -519
430 -955 889 -791
695 -939 364 -424
216 58 455 -265
733 905 -506 796
-84 658 -444 -843
-620 356 -165 183
863 641 -871 919
-175 261 751 -990
-285 313 -141 -534
364 433 372 -589
-680 7 547 -847
290 -14 66 874
-377 706 915 716
819 633 -326 217
893 -850 961 42
-963 949 911 -556
859 -984 -908 569
140 -344 209 -323
604 210 828 -501
557 747 -845 -200
-223 341 228 63
746 241 -893 -651
-235 -695 -774 -892
482 676 -596 -621
-206 227 -425 -344
502 146 -72 89
24 493 847 -545
287 973 328 -70
623 108 525 96
-192 -187 501 986
-391 -868 -739 177
810 -885 -868 -109
596 -127 -713 41
618 528 -996 -32
-567 -171 749 -368
200 -58 365 483
-470 -504 482 -191
767 -48 -235 648
352 -734 353 -323
-760 780 410 530
569 974 118 -229
442 -431 784 528
139 825 919 -861
893 -79 -634 18
153 -461 -192 30
-264 -153 879 -320
-840 629 590 613
644 611 418 -143
-440 202 -648 581
595 481 743 858
801 667 -699 -822
-663 523 692 -556
-202 364 -473 -646
352 696 718 -190
-390 794 -532 719
-495 -27 -666 70
-149 715 -934 -864
-150 -676 -493 -801
-511 10 382 -45
641 543 881 -901
380 -568 93 288
-144 -664 783 372
952 -627 228 330
796 912 809 821
443 -490 901 546
-647 463 560 -627
-997 954 227 15
228 480 -245 769
753 -701 14 -337
-443 132 -377 -110
566 -195 -723 -618
672 -418 -460 372
992 -350 763 979
813 -574 516 657
1 720 325 590
639 -593 -103 -844
-56 -718 -292 -431
-859 -803 -131 -170
754 -355 -458 -718
396 -818 44 973
464 921 -243 148
-504 190 -641 268
835 428 123 -90
369 -356 920 -619
-963 -969 -178 -731
263 691 -517 986
-773 884 -401 -413
287 -366 187 853
763 375 721 -19
560 583 238 -564
-489 -8 888 -390
-656 -329 -675 848
142 -597 587 -355
928 -47 73 -825
519 -863 102 731
651 9 -772 -283
-357 344 392 -50
-468 272 -955 374
-174 -530 780 -141
724 -926 -814 177
276 -781 643 -50
-93 805 133 366
-808 -295 -37 -623
602 -565 282 318
298 -524 660 436
-289 -259 638 -801
249 -713 518 -672
827 -534 940 818
-462 -249 311 125
-22 665 5 -223
-484 811 344 7
-450 230 773 473
193 224 -140 -314
262 -530 -986 -782
-225 24 439 -402
567 754 211 880
503 -839 349 -290
-500 -615 -734 -691
300 -770 470 -934
421 842 -786 -882
-316 408 572 -557
-984 509 827 974
970 -3 -79 904
289 -458 250 450
342 96 821 -788
-85 400 712 -482
-851 133 -160 45
103 184 -956 -887
953 -747 194 -813
-387 -948 -240 -665
506 -276 -919 503
-402 -462 901 -846
423 455 973 -373
-261 -716 862 -462
-877 -754 73 -96
617 631 -905 -693
828 -898 412 -487
-401 781 -896 -406
328 -477 242 -367
595 -924 -414 -350
490 907 35 -552
-87 -278 -903 905
156 -889 865 899
-170 895 -835 -427
-793 225 -119 -109
385 130 -674 -256
995 -380 -780 363
822 640 -172 257
-780 545 315 279
-556 -638 -56 -893
99 -160 -952 -475
-48 -916 -691 526
-664 -851 559 251
599 910 66 -915
420 494 -963 855
621 -596 606 -216
156 -960 -931 -722
-784 859 55 -389
757 -565 625 -601
-647 -672 -693 729
549 -801 821 693
298 -417 380 379
699 414 680 724
54 -426 -755 185
69 221 -899 994
-594 -136 -55 -250
-557 676 242 113
408 -340 978 -375
-803 -756 -813 509
346 827 -328 -679
-500 826 -422 234
575 485 -659 -288
839 610 486 -720
-603 -527 881 38
-188 522 -637 283
-751 -832 -39 -186
474 897 -562 825
-128 -249 795 519
-460 611 950 -192
-51 923 268 318
-52 326 281 502
656 150 -479 286
8 549 544 -809
672 708 -75 242
711 29 -563 -107
-785 884 476 -954
376 -759 -584 749
-352 213 767 -957
-509 -204 -405 158
672 619 208 -555
-418 79 782 -275
129 196 827 73
-142 684 356 -511
791 -896 -642 446
-2 -758 190 -468
-524 638 -122 -986
-432 533 327 -263
-448 -803 -51 532
-558 370 -564 922
73 -905 -641 -253
400 408 -454 261
976 -405 -837 -959
406 460 -799 749
690 -606 809 -68
361 -600 890 9
866 948 -571 -818
-397 -956 -935 -144
-344 172 300 -948
-296 170 -690 -763
-74 -434 -535 243
57 -938 738 -254
-701 -743 786 -395
874 185 610 597
115 860 945 613
339 799 -733 96
-445 -660 -449 913
704 -676 -257 -289
549 176 638 817
-705 -333 844 884
-994 -504 428 840
901 398 -810 674
604 449 -973 -808
805 876 -774 358
154 -819 -565 271
637 -760 384 -336
-590 -383 607 723
378 -223 110 336
-996 846 -287 -422
300 -974 807 -212
466 -634 122 617
539 254 41 697
3 728 -453 780
354 47 806 -576
175 -864 230 994
508 -137 -891 856
950 -89 -153 345
464 566 801 102
339 102 -326 -8
723 369 590 141
-757 306 95 155
501 454 -826 687
-839 -419 84 863
-803 143 619 -239
569 914 -837 -778
395 158 -986 558
-40 404 248 -69
819 -962 -35 -913
