22 2 0.00310133
151 2 0.0824737
64 2 0.017565
8 2 0.00465965
25 2 0.00115531
38 2 0.0019851
58 2 0.0151918
77 2 0.0115616
53 2 0.0109474
88 2 0.0144721
87 2 0.0289781
37 2 0.00537036
155 2 0.0418265
3 2 9.7659e-05
30 2 0.00707626
77 2 0.0259288
17 2 0.0037404
143 2 0.0642116
39 2 0.00279315
44 2 0.0101267
99 2 0.0519416
176 2 0.0405363
4 2 0.00127074
96 2 0.0127694
26 2 0.00411351
157 2 0.0154583
201 2 0.114735
9 2 0.00120326
89 2 0.00918647
21 2 0.00131814
238 2 0.144702
100 2 0.025672
76 2 0.0223523
113 2 0.0438144
102 2 0.017991
177 2 0.0680716
107 2 0.0174999
382 2 0.118986
73 2 0.0327221
326 2 0.116171
318 2 0.116071
237 2 0.0877248
103 2 0.0166317
47 2 0.00450557
892 2 1.58264
944 2 3.91398
96 2 0.190644
2240 2 7.9072
621 2 0.188727
13 2 0.00712756
1421 2 1.95118
789 2 0.530611
8258 2 32.8985
91 2 0.0311866
1810 2 4.67528
5008 2 17.7326
2520 2 8.17124
715 2 0.683366
2074 2 6.48054
4840 2 21.4021
207 2 0.161724
906 2 0.726509
4717 2 14.8922
1521 2 5.01422
581 2 0.697817
6241 2 17.2881
54 2 0.0332188
370 9 0.259975
623 7 0.386612
610 6 0.375118
822 7 0.476441
245 10 0.200802
793 3 0.415259
542 4 0.257012
469 2 0.258167
685 1 0.37022
561 6 0.325278
282 4 0.19894
761 5 0.425245
458 6 0.27699
701 7 0.3721
566 10 0.3924
380 8 0.280012
110 2 0.0885894
308 3 0.189396
779 9 0.444489
599 5 0.358686
471 1 0.255984
40 5 0.0420784
532 10 0.362038
892 8 0.540639
126 5 0.109785
618 5 0.374614
192 9 0.167758
830 10 0.541225
364 6 0.25127
858 1 0.416362
962 7 0.606078
843 10 0.557152
776 6 0.456481
883 4 0.47088
289 10 0.222759
320 7 0.199918
348 10 0.212231
691 6 0.41295
434 4 0.268764
519 2 0.286607
816 7 0.46893
281 6 0.189515
226 1 0.148813
74 1 0.0508885
750 1 0.373424
944 1 0.402777
290 7 0.190335
541 2 0.298542
756 1 0.368865
662 1 0.27735
883 7 0.503288
230 1 0.155825
346 4 0.223244
584 8 0.369705
598 4 0.349813
364 8 0.213576
242 1 0.153113
37 1 0.0335128
136 10 0.124883
191 5 0.153596
273 6 0.157788
159 3 0.124457
348 3 0.172174
945 8 0.54981
715 10 0.49048
100 9 0.0951025
157 6 0.13005
389 59 0.656257
251 43 0.358436
368 68 0.685102
77 81 0.168355
867 70 1.58714
920 39 1.13204
214 95 0.49682
65 92 0.171405
500 55 0.791062
613 91 1.40706
142 43 0.211287
378 13 0.305054
496 94 1.13641
614 35 0.833951
329 56 0.548011
999 56 1.64438
66 84 0.152877
869 89 1.88109
384 35 0.474357
376 85 0.799725
721 88 1.56464
579 18 0.589914
753 64 1.26965
596 79 1.20911
761 86 1.60937
444 79 0.893268
271 100 0.632834
921 41 1.17553
902 768 13.5947
187 128 0.545351
772 547 8.68447
87 747 1.30253
136 264 0.725319
739 459 6.85247
658 929 12.1153
624 475 5.87883
266 921 4.77564
358 264 1.96764
661 816 11.2689
39 829 0.627148
347 484 3.30407
706 166 2.52958
518 629 6.50023
779 753 11.3788
160 848 2.70421
627 7474 92.4045
249 7539 36.3264
752 8676 128.769
73 1717 2.4972
202 3745 14.881
380 8823 65.8163
712 9556 134.334
392 9230 70.6237
649 4650 58.8727
575 7875 89.9949
