20 100 2 0.000877917
30 100 2 0.000964962
40 100 2 0.000977164
50 100 2 0.00174629
60 100 2 0.00256523
69 100 2 0.00154135
78 100 2 0.00145374
89 100 2 0.00271511
99 100 2 0.00115625
117 100 2 0.00260269
125 100 2 0.00244525
135 100 2 0.00201826
160 100 2 0.00183874
167 100 2 0.00304441
200 100 2 0.00188051
210 100 2 0.00146911
230 100 2 0.00267834
300 100 2 0.00491363
400 100 2 0.00445091
500 100 2 0.00382885
600 100 2 0.0040967
700 100 2 0.00340378
800 100 2 0.00370976
900 100 2 0.00389118
1000 100 2 0.00504383
1100 100 2 0.00610553
1200 100 2 0.00447144
130 100 2 0.00222447
1400 100 2 0.00635035
1500 100 2 0.00572188
1600 100 2 0.00606735
1700 100 2 0.00374514
1800 100 2 0.00457668
1900 100 2 0.00417751
200 100 2 0.00262689
2000 100 2 0.00372769
2100 100 2 0.00615915
2300 100 2 0.00442461
2400 100 2 0.00537691
2500 100 2 0.0052196
2700 100 2 0.00509546
2800 100 2 0.0096598
3000 100 2 0.00589672
3200 100 2 0.00489891
3400 100 2 0.00492086
3600 100 2 0.00618028
3800 100 2 0.00801093
4000 100 2 0.00627502
4300 100 2 0.00677569
4600 100 2 0.00490312
4500 100 2 0.003829
4600 100 2 0.00505533
4700 100 2 0.00580055
4800 100 2 0.003694
4900 100 2 0.00381427
5000 100 2 0.00442903
5100 100 2 0.00679724
5200 100 2 0.00424285
5300 100 2 0.00667444
5400 100 2 0.00457255
5500 100 2 0.00551897
5600 100 2 0.0031989
5700 100 2 0.00693335
5800 100 2 0.00413033
5900 100 2 0.00387946
6000 100 2 0.00268353
6100 100 2 0.00510808
6200 100 2 0.00419779
6300 100 2 0.00842976
6400 100 2 0.00454011
6500 100 2 0.00329644
6600 100 2 0.00702894
6700 100 2 0.00997159
6800 100 2 0.0100154
6900 100 2 0.00519377
7000 100 2 0.0062233
7100 100 2 0.00432701
7200 100 2 0.00444534
7300 100 2 0.00838523
7400 100 2 0.00266275
7500 100 2 0.00463122
7600 100 2 0.00746696
7700 100 2 0.004486
7800 100 2 0.0058184
7900 100 2 0.00631544
8000 100 2 0.00408657
8100 100 2 0.00602995
8200 100 2 0.0038247
8300 100 2 0.00779153
8400 100 2 0.00340048
8500 100 2 0.00610946
8600 100 2 0.00803631
8700 100 2 0.00770664
8800 100 2 0.0066071
8900 100 2 0.00462284
9000 100 2 0.00609775
9100 100 2 0.0113874
9200 100 2 0.00584361
9300 100 2 0.0101317
9400 100 2 0.00511552
9500 100 2 0.00506544
9600 100 2 0.00495593
9700 100 2 0.00518851
9800 100 2 0.00536647
9900 100 2 0.00728323
10000 100 2 0.0146577
10100 100 2 0.00419415
10200 100 2 0.00542529
10300 100 2 0.00391857
10400 100 2 0.0100964
10500 100 2 0.00373597
10600 100 2 0.00431857
10700 100 2 0.00427673
10800 100 2 0.00418207
10900 100 2 0.00423609
11000 100 2 0.00593067
11100 100 2 0.00569672
11200 100 2 0.00966661
11300 100 2 0.00337137
11400 100 2 0.00722464
11500 100 2 0.00264597
11600 100 2 0.00489184
11700 100 2 0.00393546
11800 100 2 0.00397405
11900 100 2 0.00438755
12000 100 2 0.00368357
12100 100 2 0.00311643
12200 100 2 0.00427932
12300 100 2 0.00412651
12400 100 2 0.0102504
12500 100 2 0.00633727
12600 100 2 0.00357105
12700 100 2 0.00623925
12800 100 2 0.00393573
12900 100 2 0.00503377
13000 100 2 0.00477882
13100 100 2 0.00878134
13200 100 2 0.00384911
13300 100 2 0.00988769
13400 100 2 0.00443322
13500 100 2 0.0125166
13600 100 2 0.00423374
13700 100 2 0.00515614
13800 100 2 0.00678144
13900 100 2 0.00635861
14000 100 2 0.00519861
14100 100 2 0.00695378
14200 100 2 0.00764588
14300 100 2 0.00356783
14400 100 2 0.00278664
14500 100 2 0.0130684
14600 100 2 0.00542166
14700 100 2 0.00451856
14800 100 2 0.00520183
14900 100 2 0.00617417
15000 100 2 0.0050836
15100 100 2 0.0142037
15200 100 2 0.0134279
15300 100 2 0.00310566
15400 100 2 0.0068704
15500 100 2 0.00415539
15600 100 2 0.0101564
15700 100 2 0.0042823
15800 100 2 0.00432043
15900 100 2 0.00574115
16000 100 2 0.00966202
16100 100 2 0.00993041
16200 100 2 0.00870559
16300 100 2 0.00346412
16400 100 2 0.00510801
16500 100 2 0.00446546
16600 100 2 0.00401597
16700 100 2 0.00572408
16800 100 2 0.00618593
16900 100 2 0.0108449
17000 100 2 0.00729281
17100 100 2 0.0137544
17200 100 2 0.00474924
17300 100 2 0.00778483
17400 100 2 0.00530119
17500 100 2 0.00344288
17600 100 2 0.00587208
17700 100 2 0.00582669
17800 100 2 0.00753154
17900 100 2 0.00657713
18000 100 2 0.00678557
18100 100 2 0.00480777
18200 100 2 0.00650209
18300 100 2 0.00557871
18400 100 2 0.00748161
18500 100 2 0.00897333
18600 100 2 0.00565555
18700 100 2 0.00574625
18800 100 2 0.00445192
18900 100 2 0.0047723
19000 100 2 0.00441477
19100 100 2 0.00520895
19200 100 2 0.0162398
19300 100 2 0.00421201
19400 100 2 0.00811093
19500 100 2 0.00928115
19600 100 2 0.00460298
19700 100 2 0.00616001
19800 100 2 0.00527812
19900 100 2 0.0039147
20000 100 2 0.00437374
20100 100 2 0.00489057
20200 100 2 0.00386445
20300 100 2 0.00923522
20400 100 2 0.0039526
20500 100 2 0.00343048
20600 100 2 0.00547814
20700 100 2 0.00545554
20800 100 2 0.00884279
20900 100 2 0.00821663
21000 100 2 0.00487067
21100 100 2 0.00527485
21200 100 2 0.00938714
21300 100 2 0.00411746
21400 100 2 0.00488101
21500 100 2 0.0065615
21600 100 2 0.00427977
21700 100 2 0.00843554
21800 100 2 0.00783602
21900 100 2 0.00604801
22000 100 2 0.00369724
22100 100 2 0.00462109
22200 100 2 0.00700266
22300 100 2 0.00781252
22400 100 2 0.007453
22500 100 2 0.00494632
22600 100 2 0.0137265
22700 100 2 0.0131556
22800 100 2 0.00679295
22900 100 2 0.00475278
23000 100 2 0.00626922
23100 100 2 0.00707236
23200 100 2 0.00715713
23300 100 2 0.00609302
23400 100 2 0.006468
23500 100 2 0.00697105
23600 100 2 0.00401867
23700 100 2 0.00473867
23800 100 2 0.00819139
23900 100 2 0.0135647
24000 100 2 0.00350863
24100 100 2 0.00694656
24200 100 2 0.00993632
24300 100 2 0.00909245
24400 100 2 0.0103567
24500 100 2 0.00821982
24600 100 2 0.00391596
24700 100 2 0.0056589
24800 100 2 0.00539572
24900 100 2 0.00800394
25000 100 2 0.00698908
25100 100 2 0.00648553
25200 100 2 0.00670313
25300 100 2 0.00715722
25400 100 2 0.00547873
25500 100 2 0.00425661
25600 100 2 0.00632356
25700 100 2 0.00469566
25800 100 2 0.00561349
25900 100 2 0.00420907
26000 100 2 0.00480585
26100 100 2 0.00476153
26200 100 2 0.0076475
26300 100 2 0.0125657
26400 100 2 0.00335483
26500 100 2 0.00468355
26600 100 2 0.00454224
26700 100 2 0.00478567
26800 100 2 0.00507736
26900 100 2 0.0086478
27000 100 2 0.0122025
27100 100 2 0.00881203
27200 100 2 0.00438687
27300 100 2 0.00518016
27400 100 2 0.00885683
27500 100 2 0.00340544
27600 100 2 0.0134201
27700 100 2 0.0060732
27800 100 2 0.00957489
27900 100 2 0.0058676
28000 100 2 0.00516895
28100 100 2 0.00399458
28200 100 2 0.00539507
28300 100 2 0.00895844
28400 100 2 0.0164809
28500 100 2 0.0189664
28600 100 2 0.00838267
28700 100 2 0.00876256
28800 100 2 0.0113507
28900 100 2 0.00783716
29000 100 2 0.00648952
29100 100 2 0.00883218
29200 100 2 0.00875033
29300 100 2 0.00610091
29400 100 2 0.00441275
29500 100 2 0.00711445
29600 100 2 0.00910236
29700 100 2 0.00644323
29800 100 2 0.00973136
29900 100 2 0.00482866
30000 100 2 0.00401832
30100 100 2 0.0036531
30200 100 2 0.00529034
30300 100 2 0.00658391
30400 100 2 0.00374308
30500 100 2 0.008127
30600 100 2 0.00659434
30700 100 2 0.00376096
30800 100 2 0.00709084
30900 100 2 0.00946996
31000 100 2 0.00465993
31100 100 2 0.00952246
31200 100 2 0.00369973
31300 100 2 0.00653308
31400 100 2 0.00408785
31500 100 2 0.00547195
31600 100 2 0.00365221
31700 100 2 0.00757704
31800 100 2 0.00616434
31900 100 2 0.00787605
32000 100 2 0.00498715
32100 100 2 0.00521621
32200 100 2 0.00859568
32300 100 2 0.00444196
32400 100 2 0.00294843
32500 100 2 0.00802036
32600 100 2 0.00391774
32700 100 2 0.00694888
32800 100 2 0.00506566
32900 100 2 0.00687418
33000 100 2 0.00971874
33100 100 2 0.00518826
33200 100 2 0.00584325
33300 100 2 0.0117027
33400 100 2 0.00345158
33500 100 2 0.0118883
33600 100 2 0.00778202
33700 100 2 0.0135699
33800 100 2 0.00900874
33900 100 2 0.00846005
34000 100 2 0.011448
34100 100 2 0.0053766
34200 100 2 0.00293797
34300 100 2 0.00736509
34400 100 2 0.010715
34500 100 2 0.00478747
34600 100 2 0.00794632
34700 100 2 0.0073886
34800 100 2 0.00450298
34900 100 2 0.00442476
35000 100 2 0.00627259
35100 100 2 0.0115026
35200 100 2 0.00835243
35300 100 2 0.0107183
35400 100 2 0.00582399
35500 100 2 0.00492988
35600 100 2 0.0124796
35700 100 2 0.00880196
35800 100 2 0.0134757
35900 100 2 0.0041163
36000 100 2 0.00642899
36100 100 2 0.00786826
36200 100 2 0.00470637
36300 100 2 0.00453479
36400 100 2 0.0074395
36500 100 2 0.00783029
36600 100 2 0.0064798
36700 100 2 0.00561622
36800 100 2 0.0059945
36900 100 2 0.00829813
37000 100 2 0.00641277
37100 100 2 0.00618932
37200 100 2 0.00650683
37300 100 2 0.0111786
37400 100 2 0.0153591
37500 100 2 0.00725664
37600 100 2 0.00475489
37700 100 2 0.00574466
37800 100 2 0.00840792
37900 100 2 0.00875123
38000 100 2 0.0083268
38100 100 2 0.00752738
38200 100 2 0.00822301
38300 100 2 0.0061998
38400 100 2 0.00953348
38500 100 2 0.00602497
38600 100 2 0.0037894
38700 100 2 0.00416874
38800 100 2 0.00440662
38900 100 2 0.00504128
39000 100 2 0.00613901
39100 100 2 0.00693796
39200 100 2 0.00590775
39300 100 2 0.00678926
39400 100 2 0.00610412
39500 100 2 0.0074416
39600 100 2 0.00664579
39700 100 2 0.00591642
39800 100 2 0.00695977
39900 100 2 0.00779721
40000 100 2 0.00574888
40100 100 2 0.0115815
40200 100 2 0.00540905
40300 100 2 0.0031463
40400 100 2 0.00483245
40500 100 2 0.00427395
40600 100 2 0.00664257
40700 100 2 0.0113826
40800 100 2 0.008069
40900 100 2 0.0045217
41000 100 2 0.00803483
41100 100 2 0.0112571
41200 100 2 0.0123567
41300 100 2 0.00439209
41400 100 2 0.00757594
41500 100 2 0.00421632
41600 100 2 0.00853825
41700 100 2 0.00649693
41800 100 2 0.00646855
41900 100 2 0.00824568
42000 100 2 0.00816833
42100 100 2 0.00602288
42200 100 2 0.00933792
42300 100 2 0.00461756
42400 100 2 0.0153172
42500 100 2 0.00391049
42600 100 2 0.00933155
42700 100 2 0.00495034
42800 100 2 0.00386993
42900 100 2 0.00713445
43000 100 2 0.0109506
43100 100 2 0.012315
43200 100 2 0.00791198
43300 100 2 0.00456451
43400 100 2 0.00325955
43500 100 2 0.00551199
43600 100 2 0.00484941
43700 100 2 0.00579282
43800 100 2 0.00528394
43900 100 2 0.0056118
44000 100 2 0.00372248
44100 100 2 0.0102046
44200 100 2 0.013635
44300 100 2 0.00529223
44400 100 2 0.0108267
44500 100 2 0.0126013
44600 100 2 0.00578473
44700 100 2 0.00809732
44800 100 2 0.00706002
44900 100 2 0.00476855
45000 100 2 0.00460006
45100 100 2 0.00541174
45200 100 2 0.00864907
45300 100 2 0.00775131
45400 100 2 0.00716194
45500 100 2 0.00793366
45600 100 2 0.00538697
45700 100 2 0.00474504
45800 100 2 0.00438827
45900 100 2 0.00487158
46000 100 2 0.00634274
46100 100 2 0.00507335
46200 100 2 0.00731343
46300 100 2 0.00553381
46400 100 2 0.00604081
46500 100 2 0.00613502
46600 100 2 0.00541695
46700 100 2 0.00896204
46800 100 2 0.00681588
46900 100 2 0.00611799
47000 100 2 0.00661496
47100 100 2 0.00741219
47200 100 2 0.00597553
47300 100 2 0.00568416
47400 100 2 0.00370167
47500 100 2 0.00605673
47600 100 2 0.00628063
47700 100 2 0.00276267
47800 100 2 0.00612333
47900 100 2 0.00613155
48000 100 2 0.00617795
48100 100 2 0.00496393
48200 100 2 0.00546991
48300 100 2 0.00469015
48400 100 2 0.00912329
48500 100 2 0.00693619
48600 100 2 0.0044554
48700 100 2 0.00604811
48800 100 2 0.0122845
48900 100 2 0.0111419
49000 100 2 0.00865506
49100 100 2 0.0106569
49200 100 2 0.0270073
49300 100 2 0.00456569
49400 100 2 0.0116345
49500 100 2 0.00573243
49600 100 2 0.0068345
49700 100 2 0.00283648
49800 100 2 0.0125138
49900 100 2 0.00955285
50000 100 2 0.0047335
50100 100 2 0.00329372
50200 100 2 0.00570107
50300 100 2 0.00475877
50400 100 2 0.00468885
50500 100 2 0.00933043
50600 100 2 0.0116702
50700 100 2 0.00979475
50800 100 2 0.00982253
50900 100 2 0.00489402
51000 100 2 0.0069327
51100 100 2 0.00782175
51200 100 2 0.0054595
51300 100 2 0.00616107
51400 100 2 0.00845768
51500 100 2 0.00733643
51600 100 2 0.00517923
51700 100 2 0.0133027
51800 100 2 0.00881997
51900 100 2 0.00404103
52000 100 2 0.00936311
52100 100 2 0.0243043
52200 100 2 0.00543594
52300 100 2 0.00779618
52400 100 2 0.00723938
52500 100 2 0.00755561
52600 100 2 0.00613692
52700 100 2 0.00635159
52800 100 2 0.00718283
52900 100 2 0.00827236
53000 100 2 0.0121381
53100 100 2 0.0111973
53200 100 2 0.0052336
53300 100 2 0.0039437
53400 100 2 0.00421263
53500 100 2 0.00633697
53600 100 2 0.00606719
53700 100 2 0.0120421
53800 100 2 0.00497996
53900 100 2 0.00921334
54000 100 2 0.00577118
54100 100 2 0.00482802
54200 100 2 0.00699801
54300 100 2 0.0107395
54400 100 2 0.00931305
54500 100 2 0.00539896
54600 100 2 0.00494689
54700 100 2 0.00325301
54800 100 2 0.00401535
54900 100 2 0.00590349
55000 100 2 0.00508983
55100 100 2 0.00588538
55200 100 2 0.00662648
55300 100 2 0.00705141
55400 100 2 0.0123391
55500 100 2 0.00882595
55600 100 2 0.00784446
55700 100 2 0.00559067
55800 100 2 0.00905901
55900 100 2 0.00787187
56000 100 2 0.00902768
56100 100 2 0.00550618
56200 100 2 0.00834426
56300 100 2 0.00375716
56400 100 2 0.0131859
56500 100 2 0.00713002
56600 100 2 0.00775461
56700 100 2 0.0078151
56800 100 2 0.00550436
56900 100 2 0.00969132
57000 100 2 0.0063214
57100 100 2 0.0078068
57200 100 2 0.00573707
57300 100 2 0.00455891
57400 100 2 0.00650742
57500 100 2 0.00569047
57600 100 2 0.00772935
57700 100 2 0.00820161
57800 100 2 0.00368508
57900 100 2 0.00404837
58000 100 2 0.00585432
58100 100 2 0.00986431
58200 100 2 0.00593465
58300 100 2 0.0073622
58400 100 2 0.00415762
58500 100 2 0.00900109
58600 100 2 0.00413931
58700 100 2 0.00944081
58800 100 2 0.00848682
58900 100 2 0.00621441
59000 100 2 0.00454006
59100 100 2 0.00688398
59200 100 2 0.0069558
59300 100 2 0.0078345
59400 100 2 0.00634019
59500 100 2 0.00559486
59600 100 2 0.0184572
59700 100 2 0.00924665
59800 100 2 0.00786693
59900 100 2 0.00479565
60000 100 2 0.0048981
60100 100 2 0.00344797
60200 100 2 0.0056308
60300 100 2 0.00392498
60400 100 2 0.00630845
60500 100 2 0.00421414
60600 100 2 0.00579836
60700 100 2 0.00356108
60800 100 2 0.00548702
60900 100 2 0.0192237
61000 100 2 0.00474435
61100 100 2 0.0114303
61200 100 2 0.00583687
61300 100 2 0.00388016
61400 100 2 0.00589754
61500 100 2 0.00494417
61600 100 2 0.00899856
61700 100 2 0.00636694
61800 100 2 0.00752697
61900 100 2 0.00726023
62000 100 2 0.00484354
62100 100 2 0.00702065
62200 100 2 0.00616618
62300 100 2 0.00899858
62400 100 2 0.0046134
62500 100 2 0.00576845
62600 100 2 0.00462827
62700 100 2 0.00663442
62800 100 2 0.0102672
62900 100 2 0.00764073
63000 100 2 0.0061248
63100 100 2 0.00723612
63200 100 2 0.00547235
63300 100 2 0.0104682
63400 100 2 0.00597039
63500 100 2 0.00397942
63600 100 2 0.00598146
63700 100 2 0.0080017
63800 100 2 0.00985338
63900 100 2 0.0083945
64000 100 2 0.00376645
64100 100 2 0.00578313
64200 100 2 0.00588421
64300 100 2 0.00570041
64400 100 2 0.00520867
64500 100 2 0.00552854
64600 100 2 0.00812691
64700 100 2 0.00703363
64800 100 2 0.00697853
64900 100 2 0.00483153
65000 100 2 0.00610214
65100 100 2 0.00660551
65200 100 2 0.0062204
65300 100 2 0.00695342
65400 100 2 0.01017
65500 100 2 0.00487253
65600 100 2 0.00734023
65700 100 2 0.0200769
65800 100 2 0.00452008
65900 100 2 0.00652706
66000 100 2 0.0137892
66100 100 2 0.00665436
66200 100 2 0.00642379
66300 100 2 0.00410384
66400 100 2 0.00956545
66500 100 2 0.00503676
66600 100 2 0.00718411
66700 100 2 0.00782519
66800 100 2 0.00913031
66900 100 2 0.00520666
67000 100 2 0.00438678
67100 100 2 0.0087313
67200 100 2 0.00545316
67300 100 2 0.0124623
67400 100 2 0.00764051
67500 100 2 0.00917645
67600 100 2 0.00573106
67700 100 2 0.00311182
67800 100 2 0.00577852
67900 100 2 0.00546518
68000 100 2 0.00675172
68100 100 2 0.00449627
68200 100 2 0.00733997
68300 100 2 0.00447834
68400 100 2 0.00813535
68500 100 2 0.0043389
68600 100 2 0.0096304
68700 100 2 0.00674431
68800 100 2 0.00453763
68900 100 2 0.00586223
69000 100 2 0.00603313
69100 100 2 0.00656095
69200 100 2 0.00626705
69300 100 2 0.0141842
69400 100 2 0.00517628
69500 100 2 0.00553063
69600 100 2 0.00553483
69700 100 2 0.0139936
69800 100 2 0.00539173
69900 100 2 0.0048643
70000 100 2 0.00668254
70100 100 2 0.00880975
70200 100 2 0.0106272
70300 100 2 0.00502967
70400 100 2 0.00700943
70500 100 2 0.0111006
70600 100 2 0.00732642
70700 100 2 0.00704294
70800 100 2 0.00352797
70900 100 2 0.0063497
71000 100 2 0.00399102
71100 100 2 0.00684588
71200 100 2 0.00655165
71300 100 2 0.0065056
71400 100 2 0.00545304
71500 100 2 0.0193033
71600 100 2 0.00652531
71700 100 2 0.00801048
71800 100 2 0.00509623
71900 100 2 0.0116049
72000 100 2 0.0119652
72100 100 2 0.0046487
72200 100 2 0.00796614
72300 100 2 0.00800527
72400 100 2 0.00730243
72500 100 2 0.00683943
72600 100 2 0.00713893
72700 100 2 0.00559511
72800 100 2 0.0135322
72900 100 2 0.00704792
73000 100 2 0.00898473
73100 100 2 0.00809372
73200 100 2 0.00799816
73300 100 2 0.00554815
73400 100 2 0.00679393
73500 100 2 0.00704195
73600 100 2 0.00849718
73700 100 2 0.00705336
73800 100 2 0.00779059
73900 100 2 0.01024
74000 100 2 0.00544618
74100 100 2 0.00393991
74200 100 2 0.0127424
74300 100 2 0.00846895
74400 100 2 0.00639253
74500 100 2 0.00658783
74600 100 2 0.00513666
74700 100 2 0.0172933
74800 100 2 0.00510036
74900 100 2 0.00648327
75000 100 2 0.00810326
75100 100 2 0.00711447
75200 100 2 0.00809373
75300 100 2 0.0116363
75400 100 2 0.0284987
75500 100 2 0.00714395
75600 100 2 0.0123504
75700 100 2 0.0102891
75800 100 2 0.0104642
75900 100 2 0.00598544
76000 100 2 0.00989195
76100 100 2 0.00621895
76200 100 2 0.00680178
76300 100 2 0.00548649
76400 100 2 0.00459435
76500 100 2 0.00718887
76600 100 2 0.00781349
76700 100 2 0.00801816
76800 100 2 0.00676516
76900 100 2 0.00567454
77000 100 2 0.0081445
77100 100 2 0.00468389
77200 100 2 0.00467839
77300 100 2 0.00885645
77400 100 2 0.00637039
77500 100 2 0.0146643
77600 100 2 0.00795906
77700 100 2 0.00510526
77800 100 2 0.00572641
77900 100 2 0.00733031
78000 100 2 0.0117962
78100 100 2 0.00663041
78200 100 2 0.00645808
78300 100 2 0.00657947
78400 100 2 0.00698777
78500 100 2 0.00767276
78600 100 2 0.0072277
78700 100 2 0.00447098
78800 100 2 0.0105742
78900 100 2 0.0090099
79000 100 2 0.00635024
79100 100 2 0.0059279
79200 100 2 0.0043581
79300 100 2 0.00614661
79400 100 2 0.00510058
79500 100 2 0.00603516
79600 100 2 0.00778856
79700 100 2 0.00525894
79800 100 2 0.00637193
79900 100 2 0.0106767
80000 100 2 0.00757316
80100 100 2 0.00673631
80200 100 2 0.00987986
80300 100 2 0.00664883
80400 100 2 0.00638493
80500 100 2 0.00514605
80600 100 2 0.00729862
80700 100 2 0.00525006
80800 100 2 0.00568051
80900 100 2 0.00714954
81000 100 2 0.0101334
81100 100 2 0.00532333
81200 100 2 0.00323362
81300 100 2 0.00657476
81400 100 2 0.00515119
81500 100 2 0.00431323
81600 100 2 0.00630096
81700 100 2 0.00705632
81800 100 2 0.00665946
81900 100 2 0.0122771
82000 100 2 0.0096003
82100 100 2 0.005365
82200 100 2 0.00409831
82300 100 2 0.017193
82400 100 2 0.00544186
82500 100 2 0.00586844
82600 100 2 0.00733464
82700 100 2 0.00712707
82800 100 2 0.0071376
82900 100 2 0.00435418
83000 100 2 0.00656029
83100 100 2 0.00641808
83200 100 2 0.00466883
83300 100 2 0.00505035
83400 100 2 0.00875538
83500 100 2 0.00699571
83600 100 2 0.00620909
83700 100 2 0.00684039
83800 100 2 0.00380737
83900 100 2 0.011515
84000 100 2 0.004919
84100 100 2 0.00576492
84200 100 2 0.00739571
84300 100 2 0.00584505
84400 100 2 0.00749524
84500 100 2 0.0111757
84600 100 2 0.00400139
84700 100 2 0.00683265
84800 100 2 0.00756986
84900 100 2 0.00388088
85000 100 2 0.00539889
85100 100 2 0.00781165
85200 100 2 0.00497766
85300 100 2 0.00969947
85400 100 2 0.00604568
85500 100 2 0.00552765
85600 100 2 0.00763833
85700 100 2 0.00900898
85800 100 2 0.00868262
85900 100 2 0.00342752
86000 100 2 0.00703177
86100 100 2 0.0120508
86200 100 2 0.00565329
86300 100 2 0.00701133
86400 100 2 0.00517621
86500 100 2 0.00944999
86600 100 2 0.00416891
86700 100 2 0.00697448
86800 100 2 0.00593384
86900 100 2 0.00641817
87000 100 2 0.00462042
87100 100 2 0.0133151
87200 100 2 0.00589587
87300 100 2 0.0061758
87400 100 2 0.00547634
87500 100 2 0.00948361
87600 100 2 0.00600849
87700 100 2 0.010914
87800 100 2 0.0103018
87900 100 2 0.00633641
88000 100 2 0.00859725
88100 100 2 0.00751751
88200 100 2 0.00378895
88300 100 2 0.00550577
88400 100 2 0.00807795
88500 100 2 0.00769743
88600 100 2 0.00549184
88700 100 2 0.00498633
88800 100 2 0.0084819
88900 100 2 0.00461551
89000 100 2 0.00530958
89100 100 2 0.0073505
89200 100 2 0.00638803
89300 100 2 0.00920782
89400 100 2 0.00474746
89500 100 2 0.0108149
89600 100 2 0.010912
89700 100 2 0.0101748
89800 100 2 0.00368123
89900 100 2 0.00523404
90000 100 2 0.00937249
90100 100 2 0.0061952
90200 100 2 0.00684052
90300 100 2 0.00763115
90400 100 2 0.00429365
90500 100 2 0.00359102
90600 100 2 0.00505992
90700 100 2 0.00873117
90800 100 2 0.00552325
90900 100 2 0.00786412
91000 100 2 0.00548547
91100 100 2 0.00576694
91200 100 2 0.00586599
91300 100 2 0.00638734
91400 100 2 0.00541189
91500 100 2 0.00901857
91600 100 2 0.00852243
91700 100 2 0.00666059
91800 100 2 0.00449501
91900 100 2 0.0111379
92000 100 2 0.0080827
92100 100 2 0.0101447
92200 100 2 0.00984794
92300 100 2 0.00556811
92400 100 2 0.01226
92500 100 2 0.00539295
92600 100 2 0.00463221
92700 100 2 0.00797589
92800 100 2 0.00544796
92900 100 2 0.00517974
93000 100 2 0.00619387
93100 100 2 0.00514142
93200 100 2 0.0124413
93300 100 2 0.00618038
93400 100 2 0.007463
93500 100 2 0.00966503
93600 100 2 0.0103293
93700 100 2 0.0094458
93800 100 2 0.00571308
93900 100 2 0.00533274
94000 100 2 0.00559109
94100 100 2 0.00739764
94200 100 2 0.00674708
94300 100 2 0.0049289
94400 100 2 0.00666705
94500 100 2 0.00618178
94600 100 2 0.0130909
94700 100 2 0.00976614
94800 100 2 0.00618384
94900 100 2 0.00893949
95000 100 2 0.00630231
95100 100 2 0.00648533
95200 100 2 0.00699785
95300 100 2 0.00417588
95400 100 2 0.00542181
95500 100 2 0.012625
95600 100 2 0.00567666
95700 100 2 0.00802992
95800 100 2 0.00744614
95900 100 2 0.0102581
96000 100 2 0.00835612
96100 100 2 0.00830043
96200 100 2 0.00556054
96300 100 2 0.0123636
96400 100 2 0.0072674
96500 100 2 0.00758207
96600 100 2 0.00839833
96700 100 2 0.00485515
96800 100 2 0.00741702
96900 100 2 0.00868441
97000 100 2 0.00727185
97100 100 2 0.00615074
97200 100 2 0.00453219
97300 100 2 0.00616327
97400 100 2 0.00529338
97500 100 2 0.00433463
97600 100 2 0.00576752
97700 100 2 0.00826254
97800 100 2 0.00402589
97900 100 2 0.00680537
98000 100 2 0.00646646
98100 100 2 0.0061366
98200 100 2 0.006999
98300 100 2 0.00856406
98400 100 2 0.0146908
98500 100 2 0.0040725
98600 100 2 0.00816013
98700 100 2 0.0107221
98800 100 2 0.00691339
98900 100 2 0.0151894
99000 100 2 0.00527361
99100 100 2 0.0102469
99200 100 2 0.00474892
99300 100 2 0.0093466
99400 100 2 0.00958001
99500 100 2 0.00539888
99600 100 2 0.0049122
99700 100 2 0.00699788
99800 100 2 0.00725827
99900 100 2 0.00565339
