20 100 2 0.00123525
30 100 2 0.0021016
40 100 2 0.00207978
50 100 2 0.00351965
60 100 2 0.00563546
69 100 2 0.00509645
78 100 2 0.00493901
89 100 2 0.0100738
99 100 2 0.0103003
117 100 2 0.00991706
125 100 2 0.00951334
135 100 2 0.00855314
160 100 2 0.0090855
167 100 2 0.0126809
200 100 2 0.00840602
210 100 2 0.00923459
230 100 2 0.0219843
300 100 2 0.0209673
400 100 2 0.0261146
500 100 2 0.0245343
600 100 2 0.0396738
700 100 2 0.0393388
800 100 2 0.0479706
900 100 2 0.0494865
1000 100 2 0.0480708
1100 100 2 0.0731244
1200 100 2 0.0688763
130 100 2 0.00965454
1400 100 2 0.0795359
1500 100 2 0.0851221
1600 100 2 0.0829689
1700 100 2 0.083853
1800 100 2 0.0940909
1900 100 2 0.0770407
200 100 2 0.0217781
2000 100 2 0.0846458
2100 100 2 0.0954816
2300 100 2 0.121376
2400 100 2 0.101623
2500 100 2 0.122087
2700 100 2 0.114524
2800 100 2 0.125459
3000 100 2 0.146107
3200 100 2 0.137834
3400 100 2 0.157768
3600 100 2 0.149739
3800 100 2 0.176682
4000 100 2 0.179301
4300 100 2 0.190017
4600 100 2 0.19067
4500 100 2 0.190926
4600 100 2 0.182251
4700 100 2 0.18735
4800 100 2 0.191554
4900 100 2 0.193384
5000 100 2 0.19917
5100 100 2 0.202372
5200 100 2 0.206346
5300 100 2 0.210666
5400 100 2 0.215947
5500 100 2 0.218007
5600 100 2 0.222363
5700 100 2 0.22673
5800 100 2 0.230998
5900 100 2 0.234837
6000 100 2 0.238634
6100 100 2 0.243609
6200 100 2 0.246087
6300 100 2 0.249968
6400 100 2 0.253898
6500 100 2 0.257218
6600 100 2 0.26012
6700 100 2 0.265311
6800 100 2 0.269531
6900 100 2 0.27416
7000 100 2 0.278575
7100 100 2 0.281152
7200 100 2 0.285641
7300 100 2 0.287851
7400 100 2 0.292733
7500 100 2 0.297232
7600 100 2 0.300639
7700 100 2 0.305425
7800 100 2 0.308758
7900 100 2 0.31359
8000 100 2 0.316204
8100 100 2 0.32
8200 100 2 0.323166
8300 100 2 0.329583
8400 100 2 0.342812
8500 100 2 0.336577
8600 100 2 0.342618
8700 100 2 0.345173
8800 100 2 0.348996
8900 100 2 0.354593
9000 100 2 0.356717
9100 100 2 0.362253
9200 100 2 0.365592
9300 100 2 0.369261
9400 100 2 0.373849
9500 100 2 0.376755
9600 100 2 0.380121
9700 100 2 0.385166
9800 100 2 0.390743
9900 100 2 0.400129
10000 100 2 0.396314
10100 100 2 0.404984
10200 100 2 0.404103
10300 100 2 0.407558
10400 100 2 0.41562
10500 100 2 0.417008
10600 100 2 0.421279
10700 100 2 0.427912
10800 100 2 0.42891
10900 100 2 0.431975
11000 100 2 0.43747
11100 100 2 0.439539
11200 100 2 0.47332
11300 100 2 0.458788
11400 100 2 0.453639
11500 100 2 0.464681
11600 100 2 0.464792
11700 100 2 0.46815
11800 100 2 0.473312
11900 100 2 0.473802
12000 100 2 0.482551
12100 100 2 0.483165
12200 100 2 0.485901
12300 100 2 0.531512
12400 100 2 0.493645
12500 100 2 0.499959
12600 100 2 0.505316
12700 100 2 0.507016
12800 100 2 0.519836
12900 100 2 0.518697
13000 100 2 0.548653
13100 100 2 0.524982
13200 100 2 0.525405
13300 100 2 0.56892
13400 100 2 0.535638
13500 100 2 0.540461
13600 100 2 0.541332
13700 100 2 0.548482
13800 100 2 0.550014
13900 100 2 0.558882
14000 100 2 0.55563
14100 100 2 0.562236
14200 100 2 0.566803
14300 100 2 0.569203
14400 100 2 0.570083
14500 100 2 0.583765
14600 100 2 0.58407
14700 100 2 0.604062
14800 100 2 0.588617
14900 100 2 0.594287
15000 100 2 0.598521
15100 100 2 0.604109
15200 100 2 0.655227
15300 100 2 0.66477
15400 100 2 0.664078
15500 100 2 0.665241
15600 100 2 0.665894
15700 100 2 0.618051
15800 100 2 0.625772
15900 100 2 0.628636
16000 100 2 0.634803
16100 100 2 0.640469
16200 100 2 0.64062
16300 100 2 0.644406
16400 100 2 0.707419
16500 100 2 0.662965
16600 100 2 0.655512
16700 100 2 0.661284
16800 100 2 0.667457
16900 100 2 0.669202
17000 100 2 0.67954
17100 100 2 0.677512
17200 100 2 0.682152
17300 100 2 0.686505
17400 100 2 0.686991
17500 100 2 0.694028
17600 100 2 0.69868
17700 100 2 0.702558
17800 100 2 0.70868
17900 100 2 0.708917
18000 100 2 0.713545
18100 100 2 0.717631
18200 100 2 0.727361
18300 100 2 0.724735
18400 100 2 0.729972
18500 100 2 0.733539
18600 100 2 0.73727
18700 100 2 0.740314
18800 100 2 0.752284
18900 100 2 0.745682
19000 100 2 0.751478
19100 100 2 0.759307
19200 100 2 0.759136
19300 100 2 0.763953
19400 100 2 0.769618
19500 100 2 0.767187
19600 100 2 0.778821
19700 100 2 0.783284
19800 100 2 0.798765
19900 100 2 0.789494
20000 100 2 0.796675
20100 100 2 0.795814
20200 100 2 0.799766
20300 100 2 0.803786
20400 100 2 0.80756
20500 100 2 0.811639
20600 100 2 0.81688
20700 100 2 0.832608
20800 100 2 0.824418
20900 100 2 0.83878
21000 100 2 0.835991
21100 100 2 0.836713
21200 100 2 0.854829
21300 100 2 0.845466
21400 100 2 0.851741
21500 100 2 0.850612
21600 100 2 0.855819
21700 100 2 0.868537
21800 100 2 0.863576
21900 100 2 0.877388
22000 100 2 0.942464
22100 100 2 0.952497
22200 100 2 0.958217
22300 100 2 0.884326
22400 100 2 0.886996
22500 100 2 0.891384
22600 100 2 0.931118
22700 100 2 0.973419
22800 100 2 0.987912
22900 100 2 0.973395
23000 100 2 0.925591
23100 100 2 0.917529
23200 100 2 0.918058
23300 100 2 0.987868
23400 100 2 1.00229
23500 100 2 1.01024
23600 100 2 0.95989
23700 100 2 0.939367
23800 100 2 0.958858
23900 100 2 0.969154
24000 100 2 1.02817
24100 100 2 1.03315
24200 100 2 1.0186
24300 100 2 0.964538
24400 100 2 0.967353
24500 100 2 0.971548
24600 100 2 0.988026
24700 100 2 0.97862
24800 100 2 0.980032
24900 100 2 1.06057
25000 100 2 1.07113
25100 100 2 1.07574
25200 100 2 1.00251
25300 100 2 1.00333
25400 100 2 1.02189
25500 100 2 1.00844
25600 100 2 1.01121
25700 100 2 1.02086
25800 100 2 1.10519
25900 100 2 1.1054
26000 100 2 1.11357
26100 100 2 1.03556
26200 100 2 1.04931
26300 100 2 1.05004
26400 100 2 1.13284
26500 100 2 1.13562
26600 100 2 1.13253
26700 100 2 1.06346
26800 100 2 1.063
26900 100 2 1.09779
27000 100 2 1.15689
27100 100 2 1.16173
27200 100 2 1.11059
27300 100 2 1.09892
27400 100 2 1.08674
27500 100 2 1.16548
27600 100 2 1.18442
27700 100 2 1.18742
27800 100 2 1.1018
27900 100 2 1.13136
28000 100 2 1.13525
28100 100 2 1.21929
28200 100 2 1.21901
28300 100 2 1.15825
28400 100 2 1.13149
28500 100 2 1.16022
28600 100 2 1.2344
28700 100 2 1.23631
28800 100 2 1.22861
28900 100 2 1.15499
29000 100 2 1.17636
29100 100 2 1.24311
29200 100 2 1.2693
29300 100 2 1.26576
29400 100 2 1.17319
29500 100 2 1.18158
29600 100 2 1.25232
29700 100 2 1.28268
29800 100 2 1.2747
29900 100 2 1.19941
30000 100 2 1.19968
30100 100 2 1.28256
30200 100 2 1.30504
30300 100 2 1.30109
30400 100 2 1.21249
30500 100 2 1.22639
30600 100 2 1.2937
30700 100 2 1.34863
30800 100 2 1.3118
30900 100 2 1.23626
31000 100 2 1.2517
31100 100 2 1.35269
31200 100 2 1.37746
31300 100 2 1.33419
31400 100 2 1.26517
31500 100 2 1.27067
31600 100 2 1.3728
31700 100 2 1.38211
31800 100 2 1.28818
31900 100 2 1.27602
32000 100 2 1.31672
32100 100 2 1.40529
32200 100 2 1.416
32300 100 2 1.28954
32400 100 2 1.29626
32500 100 2 1.38034
32600 100 2 1.40813
32700 100 2 1.36045
32800 100 2 1.33347
32900 100 2 1.323
33000 100 2 1.45734
33100 100 2 1.42978
33200 100 2 1.32866
33300 100 2 1.33798
33400 100 2 1.44389
33500 100 2 1.442
33600 100 2 1.41574
33700 100 2 1.35062
33800 100 2 1.35847
33900 100 2 1.4661
34000 100 2 1.47042
34100 100 2 1.36994
34200 100 2 1.36799
34300 100 2 1.48581
34400 100 2 1.48478
34500 100 2 1.41893
34600 100 2 1.42912
34700 100 2 1.44708
34800 100 2 1.50539
34900 100 2 1.46213
35000 100 2 1.40186
35100 100 2 1.46514
35200 100 2 1.54139
35300 100 2 1.51466
35400 100 2 1.41923
35500 100 2 1.42322
35600 100 2 1.53898
35700 100 2 1.54904
35800 100 2 1.42992
35900 100 2 1.43053
36000 100 2 1.549
36100 100 2 1.56882
36200 100 2 1.45309
36300 100 2 1.45661
36400 100 2 1.55829
36500 100 2 1.58266
36600 100 2 1.50726
36700 100 2 1.46818
36800 100 2 1.55479
36900 100 2 1.6282
37000 100 2 1.51809
37100 100 2 1.51668
37200 100 2 1.57595
37300 100 2 1.61577
37400 100 2 1.5331
37500 100 2 1.50531
37600 100 2 1.61362
37700 100 2 1.62967
37800 100 2 1.54873
37900 100 2 1.52395
38000 100 2 1.62962
38100 100 2 1.67059
38200 100 2 1.55076
38300 100 2 1.53802
38400 100 2 1.63079
38500 100 2 1.65266
38600 100 2 1.53725
38700 100 2 1.53545
38800 100 2 1.65899
38900 100 2 1.66576
39000 100 2 1.55173
39100 100 2 1.55581
39200 100 2 1.68383
39300 100 2 1.68115
39400 100 2 1.5651
39500 100 2 1.58432
39600 100 2 1.71376
39700 100 2 1.6632
39800 100 2 1.59123
39900 100 2 1.63188
40000 100 2 1.71829
40100 100 2 1.63642
40200 100 2 1.59515
40300 100 2 1.68804
40400 100 2 1.75568
40500 100 2 1.64191
40600 100 2 1.62842
40700 100 2 1.75995
40800 100 2 1.755
40900 100 2 1.6383
41000 100 2 1.68264
41100 100 2 1.78335
41200 100 2 1.70466
41300 100 2 1.67052
41400 100 2 1.76466
41500 100 2 1.79171
41600 100 2 1.65636
41700 100 2 1.68281
41800 100 2 1.80291
41900 100 2 1.78895
42000 100 2 1.6678
42100 100 2 1.75695
42200 100 2 1.80714
42300 100 2 1.68054
42400 100 2 1.68424
42500 100 2 1.69722
42600 100 2 1.69671
42700 100 2 1.69426
42800 100 2 1.79842
42900 100 2 1.83566
43000 100 2 1.72881
43100 100 2 1.71408
43200 100 2 1.85725
43300 100 2 1.84299
43400 100 2 1.73147
43500 100 2 1.79467
43600 100 2 1.87048
43700 100 2 1.76515
43800 100 2 1.73719
43900 100 2 1.74409
44000 100 2 1.78707
44100 100 2 1.89376
44200 100 2 1.79997
44300 100 2 1.75915
44400 100 2 1.91043
44500 100 2 1.89072
44600 100 2 1.78416
44700 100 2 1.84441
44800 100 2 1.94785
44900 100 2 1.78689
45000 100 2 1.79404
45100 100 2 2.03687
45200 100 2 1.87814
45300 100 2 1.85737
45400 100 2 1.80881
45500 100 2 1.83244
45600 100 2 1.95692
45700 100 2 1.8638
45800 100 2 1.81825
45900 100 2 1.98978
46000 100 2 1.91787
46100 100 2 1.8357
46200 100 2 1.94081
46300 100 2 1.98486
46400 100 2 1.84315
46500 100 2 1.91584
46600 100 2 2.00596
46700 100 2 1.87364
46800 100 2 1.90003
46900 100 2 2.01837
47000 100 2 1.91273
47100 100 2 1.89441
47200 100 2 1.88126
47300 100 2 1.93365
47400 100 2 2.04012
47500 100 2 1.89897
47600 100 2 1.91512
47700 100 2 2.05121
47800 100 2 1.93229
47900 100 2 1.91701
48000 100 2 1.90965
48100 100 2 1.98129
48200 100 2 2.07209
48300 100 2 1.92666
48400 100 2 1.975
48500 100 2 2.09049
48600 100 2 1.93806
48700 100 2 1.97278
48800 100 2 2.09934
48900 100 2 1.96684
49000 100 2 1.9637
49100 100 2 2.10969
49200 100 2 1.98822
49300 100 2 1.99529
49400 100 2 2.12321
49500 100 2 2.01052
49600 100 2 1.97562
49700 100 2 2.13384
49800 100 2 2.04939
49900 100 2 1.99682
50000 100 2 2.15157
50100 100 2 2.0322
50200 100 2 1.99981
50300 100 2 2.16346
50400 100 2 2.09712
50500 100 2 2.02901
50600 100 2 2.17882
50700 100 2 2.04414
50800 100 2 2.04689
50900 100 2 2.1883
51000 100 2 2.06172
51100 100 2 2.12078
51200 100 2 2.23119
51300 100 2 2.06937
51400 100 2 2.15216
51500 100 2 2.21564
51600 100 2 2.05166
51700 100 2 2.13729
51800 100 2 2.23452
51900 100 2 2.07531
52000 100 2 2.19202
52100 100 2 2.24664
52200 100 2 2.07842
52300 100 2 2.25393
52400 100 2 2.1822
52500 100 2 2.09578
52600 100 2 2.25799
52700 100 2 2.17774
52800 100 2 2.12154
52900 100 2 2.30174
53000 100 2 2.14008
53100 100 2 2.16598
53200 100 2 2.28488
53300 100 2 2.12446
53400 100 2 2.21197
53500 100 2 2.29331
53600 100 2 2.12943
53700 100 2 2.26524
53800 100 2 2.27817
53900 100 2 2.14025
54000 100 2 2.32587
54100 100 2 2.24972
54200 100 2 2.18849
54300 100 2 2.34181
54400 100 2 2.17472
54500 100 2 2.24486
54600 100 2 2.3446
54700 100 2 2.18101
54800 100 2 2.31092
54900 100 2 2.30006
55000 100 2 2.1984
55100 100 2 2.36568
55200 100 2 2.25424
55300 100 2 2.25709
55400 100 2 2.3777
55500 100 2 2.21853
55600 100 2 2.33087
55700 100 2 2.80099
55800 100 2 3.30659
55900 100 2 2.22263
56000 100 2 2.40806
56100 100 2 2.26963
56200 100 2 2.31985
56300 100 2 2.40088
56400 100 2 2.26717
56500 100 2 2.40358
56600 100 2 2.34258
56700 100 2 2.29516
56800 100 2 2.42545
56900 100 2 2.27897
57000 100 2 2.36945
57100 100 2 2.42437
57200 100 2 2.31813
57300 100 2 2.49435
57400 100 2 2.32607
57500 100 2 2.3787
57600 100 2 2.50148
57700 100 2 2.2649
57800 100 2 2.44971
57900 100 2 2.35454
58000 100 2 2.26074
58100 100 2 2.2663
58200 100 2 2.4794
58300 100 2 2.37227
58400 100 2 2.33213
58500 100 2 2.53037
58600 100 2 2.35679
58700 100 2 2.33081
58800 100 2 2.31969
58900 100 2 2.33911
59000 100 2 2.36559
59100 100 2 2.66928
59200 100 2 2.51469
59300 100 2 2.45049
59400 100 2 2.55655
59500 100 2 2.3747
59600 100 2 2.5244
59700 100 2 2.46212
59800 100 2 2.41665
59900 100 2 2.57509
60000 100 2 2.4387
60100 100 2 2.62017
60200 100 2 2.4808
60300 100 2 2.46814
60400 100 2 2.59812
60500 100 2 2.46173
60600 100 2 2.60107
60700 100 2 2.56047
60800 100 2 2.45035
60900 100 2 2.62216
61000 100 2 2.44501
61100 100 2 2.57386
61200 100 2 2.53908
61300 100 2 2.45368
61400 100 2 2.45864
61500 100 2 2.65114
61600 100 2 2.49182
61700 100 2 2.62223
61800 100 2 2.59964
61900 100 2 2.49663
62000 100 2 2.66387
62100 100 2 2.47501
62200 100 2 2.6669
62300 100 2 2.54194
62400 100 2 2.54774
62500 100 2 2.68066
62600 100 2 2.49315
62700 100 2 2.49451
62800 100 2 2.76799
62900 100 2 2.58401
63000 100 2 2.63068
63100 100 2 2.71339
63200 100 2 2.57689
63300 100 2 2.77546
63400 100 2 2.60338
63500 100 2 2.69957
63600 100 2 2.5989
63700 100 2 2.58188
63800 100 2 2.57837
63900 100 2 2.75012
64000 100 2 2.54146
64100 100 2 2.76933
64200 100 2 2.60224
64300 100 2 2.66756
64400 100 2 2.69173
64500 100 2 2.59617
64600 100 2 2.77702
64700 100 2 2.58335
64800 100 2 2.79292
64900 100 2 2.64042
65000 100 2 2.60406
65100 100 2 2.68116
65200 100 2 2.76611
65300 100 2 2.60296
65400 100 2 2.86462
65500 100 2 2.57035
65600 100 2 2.80829
65700 100 2 2.65711
65800 100 2 2.7726
65900 100 2 2.73136
66000 100 2 2.65119
66100 100 2 2.64429
66200 100 2 2.85359
66300 100 2 2.63695
66400 100 2 2.87022
66500 100 2 2.66527
66600 100 2 2.78967
66700 100 2 2.76445
66800 100 2 2.65637
66900 100 2 2.69175
67000 100 2 2.87154
67100 100 2 2.65278
67200 100 2 2.67121
67300 100 2 2.88935
67400 100 2 2.71744
67500 100 2 2.83504
67600 100 2 2.76028
67700 100 2 2.79481
67800 100 2 2.85954
67900 100 2 2.7729
68000 100 2 2.9296
68100 100 2 2.70436
68200 100 2 2.71243
68300 100 2 2.94052
68400 100 2 2.72287
68500 100 2 2.91129
68600 100 2 2.77579
68700 100 2 2.89498
68800 100 2 2.84005
68900 100 2 2.82416
69000 100 2 2.89769
69100 100 2 2.79371
69200 100 2 2.95175
69300 100 2 2.75294
69400 100 2 2.81544
69500 100 2 2.77629
69600 100 2 3.01086
69700 100 2 2.78142
69800 100 2 2.97926
69900 100 2 2.83705
70000 100 2 2.93851
70100 100 2 2.88482
70200 100 2 2.91971
70300 100 2 2.89863
70400 100 2 2.88851
70500 100 2 2.96315
70600 100 2 2.8158
70700 100 2 2.83254
70800 100 2 3.03321
70900 100 2 2.85364
71000 100 2 2.83641
71100 100 2 2.82949
71200 100 2 3.08754
71300 100 2 2.84988
71400 100 2 3.07677
71500 100 2 2.8625
71600 100 2 3.06849
71700 100 2 2.8795
71800 100 2 3.03295
71900 100 2 2.90568
72000 100 2 2.88411
72100 100 2 3.04535
72200 100 2 2.96856
72300 100 2 2.99162
72400 100 2 3.05032
72500 100 2 3.00115
72600 100 2 3.01083
72700 100 2 2.98427
72800 100 2 3.06988
72900 100 2 2.99242
73000 100 2 3.04781
73100 100 2 2.98614
73200 100 2 3.08064
73300 100 2 3.00124
73400 100 2 3.08796
73500 100 2 2.98542
73600 100 2 3.08806
73700 100 2 3.00372
73800 100 2 3.12653
73900 100 2 3.0013
74000 100 2 3.11738
74100 100 2 3.02713
74200 100 2 3.13613
74300 100 2 3.01064
74400 100 2 3.13306
74500 100 2 3.01745
74600 100 2 3.14623
74700 100 2 3.05656
74800 100 2 3.14732
74900 100 2 3.05053
75000 100 2 3.13842
75100 100 2 3.08577
75200 100 2 3.14711
75300 100 2 3.07501
75400 100 2 3.1361
75500 100 2 3.09394
75600 100 2 3.14042
75700 100 2 3.13644
75800 100 2 3.13671
75900 100 2 3.13486
76000 100 2 3.11553
76100 100 2 3.16206
76200 100 2 3.12029
76300 100 2 3.30008
76400 100 2 3.17211
76500 100 2 3.31941
76600 100 2 3.16054
76700 100 2 3.27249
76800 100 2 3.04549
76900 100 2 3.05697
77000 100 2 3.30873
77100 100 2 3.12051
77200 100 2 3.3243
77300 100 2 3.00765
77400 100 2 3.36678
77500 100 2 2.95581
77600 100 2 3.31102
77700 100 2 2.98057
77800 100 2 3.36027
77900 100 2 3.0159
78000 100 2 3.28651
78100 100 2 3.02719
78200 100 2 3.27187
78300 100 2 3.05352
78400 100 2 3.25345
78500 100 2 3.10833
78600 100 2 3.23632
78700 100 2 3.13946
78800 100 2 3.18861
78900 100 2 3.20908
79000 100 2 3.18182
79100 100 2 3.23119
79200 100 2 3.14868
79300 100 2 3.28257
79400 100 2 3.11676
79500 100 2 3.47136
79600 100 2 3.07464
79700 100 2 3.39385
79800 100 2 3.0546
79900 100 2 3.42143
80000 100 2 3.06984
80100 100 2 3.42215
80200 100 2 3.08919
80300 100 2 3.37843
80400 100 2 3.15659
80500 100 2 3.36397
80600 100 2 3.31638
80700 100 2 3.29137
80800 100 2 3.3434
80900 100 2 3.23187
81000 100 2 3.45853
81100 100 2 3.18008
81200 100 2 3.43857
81300 100 2 3.11245
81400 100 2 3.47935
81500 100 2 3.11471
81600 100 2 3.47193
81700 100 2 3.18107
81800 100 2 3.39007
81900 100 2 3.23814
82000 100 2 3.35161
82100 100 2 3.31486
82200 100 2 3.29005
82300 100 2 3.58324
82400 100 2 3.19211
82500 100 2 3.5016
82600 100 2 3.18438
82700 100 2 3.18198
82800 100 2 3.52901
82900 100 2 3.29932
83000 100 2 3.4266
83100 100 2 3.35497
83200 100 2 3.35941
83300 100 2 3.39765
83400 100 2 3.29171
83500 100 2 3.51034
83600 100 2 3.23837
83700 100 2 3.57512
83800 100 2 3.21442
83900 100 2 3.507
84000 100 2 3.36684
84100 100 2 3.44981
84200 100 2 3.43773
84300 100 2 3.34721
84400 100 2 3.5339
84500 100 2 3.22788
84600 100 2 3.61503
84700 100 2 3.3458
84800 100 2 3.53386
84900 100 2 3.37291
85000 100 2 3.46296
85100 100 2 3.51035
85200 100 2 3.35538
85300 100 2 3.6051
85400 100 2 3.26952
85500 100 2 3.2833
85600 100 2 3.26698
85700 100 2 3.59257
85800 100 2 3.40724
85900 100 2 3.45931
86000 100 2 3.54231
86100 100 2 3.39343
86200 100 2 3.68501
86300 100 2 3.30822
86400 100 2 3.42698
86500 100 2 3.57248
86600 100 2 3.48588
86700 100 2 3.47167
86800 100 2 3.62159
86900 100 2 3.38212
87000 100 2 3.72705
87100 100 2 3.38895
87200 100 2 3.46658
87300 100 2 3.61118
87400 100 2 3.59021
87500 100 2 3.51106
87600 100 2 3.76556
87700 100 2 3.4254
87800 100 2 3.7053
87900 100 2 3.66472
88000 100 2 3.46647
88100 100 2 3.70482
88200 100 2 3.38963
88300 100 2 3.36881
88400 100 2 3.6831
88500 100 2 3.5451
88600 100 2 3.57112
88700 100 2 3.73616
88800 100 2 3.43159
88900 100 2 3.41231
89000 100 2 3.43979
89100 100 2 3.68239
89200 100 2 3.63481
89300 100 2 3.52464
89400 100 2 3.83599
89500 100 2 3.41361
89600 100 2 3.74254
89700 100 2 3.61688
89800 100 2 3.72184
89900 100 2 3.82845
90000 100 2 3.4568
90100 100 2 3.78926
90200 100 2 3.64163
90300 100 2 3.64331
90400 100 2 3.78166
90500 100 2 3.46928
90600 100 2 3.47678
90700 100 2 3.75517
90800 100 2 3.68552
90900 100 2 3.62481
91000 100 2 3.85734
91100 100 2 3.52938
91200 100 2 3.78192
91300 100 2 3.69081
91400 100 2 3.60382
91500 100 2 3.88467
91600 100 2 3.57494
91700 100 2 3.77482
91800 100 2 3.72421
91900 100 2 3.61207
92000 100 2 3.54593
92100 100 2 3.57644
92200 100 2 3.80736
92300 100 2 3.73695
92400 100 2 3.6386
92500 100 2 3.99619
92600 100 2 3.59948
92700 100 2 3.78964
92800 100 2 3.88645
92900 100 2 3.62586
93000 100 2 3.56457
93100 100 2 3.85985
93200 100 2 3.77005
93300 100 2 3.65841
93400 100 2 3.58337
93500 100 2 3.59355
93600 100 2 3.87749
93700 100 2 3.86922
93800 100 2 3.65557
93900 100 2 4.08285
94000 100 2 3.75981
94100 100 2 3.78721
94200 100 2 3.9449
94300 100 2 3.62308
94400 100 2 3.69918
94500 100 2 3.83821
94600 100 2 3.94824
94700 100 2 3.77519
94800 100 2 4.00995
94900 100 2 3.75915
95000 100 2 3.93519
95100 100 2 4.05835
95200 100 2 3.7122
95300 100 2 3.73803
95400 100 2 3.7085
95500 100 2 3.71252
95600 100 2 3.64894
95700 100 2 3.68947
95800 100 2 3.73241
95900 100 2 3.705
96000 100 2 3.65538
96100 100 2 4.06813
96200 100 2 3.74057
96300 100 2 3.93353
96400 100 2 4.30188
96500 100 2 3.70997
96600 100 2 4.01578
96700 100 2 3.96154
96800 100 2 3.74664
96900 100 2 3.73877
97000 100 2 3.98922
97100 100 2 3.99835
97200 100 2 3.75179
97300 100 2 3.87333
97400 100 2 3.96732
97500 100 2 4.11887
97600 100 2 3.77424
97700 100 2 4.01319
97800 100 2 4.03227
97900 100 2 3.76889
98000 100 2 4.09322
98100 100 2 3.97476
98200 100 2 3.92941
98300 100 2 3.78939
98400 100 2 4.03564
98500 100 2 4.08476
98600 100 2 3.79184
98700 100 2 3.88538
98800 100 2 4.08991
98900 100 2 4.36992
99000 100 2 3.86192
99100 100 2 3.97473
99200 100 2 4.19664
99300 100 2 3.85389
99400 100 2 4.03216
99500 100 2 4.13923
99600 100 2 3.88657
99700 100 2 4.08361
99800 100 2 3.82214
99900 100 2 3.85863
