22 2 0.00320778
151 2 0.0555636
64 2 0.014525
8 2 0.00417066
25 2 0.00113437
38 2 0.00171357
58 2 0.0124734
77 2 0.00646254
53 2 0.0091408
88 2 0.0109654
87 2 0.0223874
37 2 0.00431774
155 2 0.0294414
3 2 7.0334e-05
30 2 0.00623813
77 2 0.0231241
17 2 0.00367364
143 2 0.0412262
39 2 0.00242886
44 2 0.00815194
99 2 0.0371623
176 2 0.029127
4 2 0.00117797
96 2 0.0101515
26 2 0.00374662
157 2 0.0101895
201 2 0.0702298
9 2 0.00102725
89 2 0.0072792
21 2 0.00114587
238 2 0.0836812
100 2 0.0212019
76 2 0.0168665
113 2 0.0323428
102 2 0.0147525
177 2 0.0534067
107 2 0.013895
382 2 0.0732962
73 2 0.0247326
326 2 0.0715456
318 2 0.0708324
237 2 0.0810729
103 2 0.0137677
47 2 0.00446535
892 2 1.44706
944 2 3.54393
96 2 0.173218
2240 2 7.12624
621 2 0.165542
13 2 0.00594494
1421 2 1.74997
789 2 0.406126
8258 2 29.8558
91 2 0.0238813
1810 2 4.32418
5008 2 16.1809
2520 2 7.41148
715 2 0.607448
2074 2 5.91349
4840 2 18.9506
207 2 0.107795
906 2 0.599952
4717 2 13.7478
1521 2 4.54384
581 2 0.597668
6241 2 16.0065
54 2 0.0265925
370 9 0.181783
623 7 0.287434
610 6 0.270864
822 7 0.370173
245 10 0.127491
793 3 0.311585
542 4 0.222154
469 2 0.182169
685 1 0.251867
561 6 0.26933
282 4 0.122077
761 5 0.324347
458 6 0.202254
701 7 0.315334
566 10 0.286249
380 8 0.178434
110 2 0.0602438
308 3 0.121302
779 9 0.386885
599 5 0.253878
471 1 0.172284
40 5 0.0299027
532 10 0.272625
892 8 0.420668
126 5 0.0702668
618 5 0.319822
192 9 0.0982874
830 10 0.415272
364 6 0.160701
858 1 0.336995
962 7 0.436956
843 10 0.438305
776 6 0.342354
883 4 0.367674
289 10 0.145517
320 7 0.144039
348 10 0.174549
691 6 0.308162
434 4 0.180232
519 2 0.200725
816 7 0.368527
281 6 0.122924
226 1 0.0936063
74 1 0.0387031
750 1 0.274303
944 1 0.348565
290 7 0.131335
541 2 0.205695
756 1 0.282403
662 1 0.249052
883 7 0.39612
230 1 0.0905021
346 4 0.140398
584 8 0.27184
598 4 0.250835
364 8 0.167368
242 1 0.0959151
37 1 0.0248994
136 10 0.0800905
191 5 0.088812
273 6 0.1191
159 3 0.0775655
348 3 0.140614
945 8 0.44101
715 10 0.362204
100 9 0.0575744
157 6 0.0783532
389 59 0.478305
251 43 0.256154
368 68 0.504357
77 81 0.120749
867 70 1.1953
920 39 0.865621
214 95 0.392175
65 92 0.116173
500 55 0.594485
613 91 1.03625
142 43 0.144325
378 13 0.212623
496 94 0.854972
614 35 0.621848
329 56 0.389134
999 56 1.1805
66 84 0.103586
869 89 1.4505
384 35 0.344868
376 85 0.603504
721 88 1.18438
579 18 0.3888
753 64 0.97937
596 79 0.896786
761 86 1.22551
444 79 0.676735
271 100 0.49862
921 41 0.898438
902 768 10.4629
187 128 0.41726
772 547 6.42698
87 747 0.996629
136 264 0.562667
739 459 5.40353
658 929 9.23551
624 475 4.53501
266 921 3.67462
358 264 1.50274
661 816 8.26419
39 829 0.486717
347 484 2.79814
706 166 1.99803
518 629 5.18794
779 753 8.97559
160 848 2.04315
627 7474 69.8864
249 7539 27.7101
752 8676 100.611
73 1717 1.87141
202 3745 11.1752
380 8823 51.2701
712 9556 100.812
392 9230 54.2
649 4650 45.1699
575 7875 70.3688
