10 10 0.000184095
110 10 0.00394295
210 10 0.0105807
310 10 0.0151105
410 10 0.0192037
510 10 0.0224216
610 10 0.0274111
710 10 0.0325047
810 10 0.0382084
910 10 0.041399
1010 10 0.0476124
1110 10 0.0534885
1210 10 0.0600706
1310 10 0.0651736
1410 10 0.0721447
1510 10 0.0791339
1610 10 0.084267
1710 10 0.0877583
1810 10 0.0994551
1910 10 0.100501
2010 10 0.110533
2110 10 0.115332
2210 10 0.121935
2310 10 0.135345
2410 10 0.1447
2510 10 0.139572
2610 10 0.151317
2710 10 0.164129
2810 10 0.173808
2910 10 0.183398
3010 10 0.18105
3110 10 0.191509
3210 10 0.201789
3310 10 0.208112
3410 10 0.222427
3510 10 0.234978
3610 10 0.232524
3710 10 0.245598
3810 10 0.260175
3910 10 0.256473
4010 10 0.275128
4110 10 0.282657
4210 10 0.304308
4310 10 0.3088
4410 10 0.321759
4510 10 0.332632
4610 10 0.32068
4710 10 0.329134
4810 10 0.33035
4910 10 0.347143
5010 10 0.355878
5110 10 0.358751
5210 10 0.366189
5310 10 0.376181
5410 10 0.385816
5510 10 0.394563
5610 10 0.401899
5710 10 0.409023
5810 10 0.418668
5910 10 0.424666
6010 10 0.431497
6110 10 0.438734
6210 10 0.448391
6310 10 0.454449
6410 10 0.465278
6510 10 0.471024
6610 10 0.479145
6710 10 0.495232
6810 10 0.495408
6910 10 0.499057
7010 10 0.510503
7110 10 0.521866
7210 10 0.523699
7310 10 0.53582
7410 10 0.537425
7510 10 0.545629
7610 10 0.5528
7710 10 0.563672
7810 10 0.572357
7910 10 0.576117
8010 10 0.584815
8110 10 0.599005
8210 10 0.625725
8310 10 0.608152
8410 10 0.613174
8510 10 0.629517
8610 10 0.632792
8710 10 0.64024
8810 10 0.646618
8910 10 0.656715
9010 10 0.661504
9110 10 0.667875
9210 10 0.675348
9310 10 0.682678
9410 10 0.691882
9510 10 0.699042
9610 10 0.707218
9710 10 0.714853
9810 10 0.726087
9910 10 0.73566
10 10 0.000284227
10 10 0.00030297
10 10 0.00046197
100 10 0.00873154
1000 10 0.0752783
10000 10 0.491958
1000 10 0.0619463
1000 10 0.0470276
1000 10 0.0422599
1000 10 0.0377033
1000 10 0.033753
