100
777 368 929 607 71 218 -784 407 220 -727
-195 640 392 -901 207 -73 120 -95 -854 -586
849 -197 484 801 -310 -609 314 -408 -286 881
623 403 -325 950 109 698 463 -931 337 881
-658 -254 -662 -66 -737 -13 -995 901 -15 947
-976 577 75 -841 -360 186 -784 -204 659 -747
-871 924 -703 -585 -907 -580 539 776 -659 188
-564 578 171 496 -449 374 -223 641 1000 -410
492 -415 -864 -31 -284 804 434 38 676 228
900 141 -443 -759 -600 -567 285 -166 526 -816
866 357 99 -366 -146 21 -421 -152 -643 -630
-889 454 -516 546 390 -945 956 -203 -371 -839
178 539 -848 479 967 98 -194 520 -260 -943
-33 -221 -259 720 148 629 -744 -546 585 -889
-92 120 -714 -431 -894 154 945 -820 -197 -391
523 -196 155 481 238 607 -19 87 -854 -956
-892 776 203 -193 -135 -164 724 586 -139 492
-715 746 382 -547 -327 717 -300 937 960 -834
699 945 -280 -401 -29 979 196 -725 761 -952
62 703 133 224 596 -792 377 462 672 -596
-786 176 -724 667 -959 54 418 927 -644 -120
444 477 267 -234 -674 661 682 304 928 946
638 14 886 -74 -116 -514 -747 327 754 -803
-14 -525 282 -999 695 181 -137 852 785 4
590 184 739 562 660 -671 96 -167 -396 954
-251 -515 190 29 -222 -805 -714 -986 -775 317
-873 -543 -708 797 32 677 -808 -758 586 600
74 254 -337 -795 -976 284 -169 -314 761 -587
173 287 -7 402 592 -379 914 916 -820 279
124 -125 564 480 -10 491 -671 -520 -671 -563
-395 -527 819 -460 729 918 -921 -797 176 -794
-691 53 780 -628 -582 110 378 979 385 -91
142 -17 -290 -704 579 -222 -303 -771 -398 993
62 -229 756 -584 -72 -363 -45 532 142 -695
-719 625 188 276 -159 -164 784 -62 875 471
43 347 652 308 -623 -904 -942 318 -728 197
-585 -470 399 259 462 978 -812 -871 999 532
-149 688 -67 -584 788 -932 888 792 821 -452
731 -9 591 940 -707 -526 -534 363 -485 240
75 -393 -171 203 -468 -366 826 -285 -566 351
393 -996 23 626 -539 472 442 -369 940 858
690 -510 -823 -855 306 508 -676 -102 -709 -349
28 -717 401 -579 992 506 -144 626 976 -424
675 826 765 -435 317 -138 -104 -982 525 229
518 273 4 836 -523 214 140 658 -241 -180
437 117 180 -341 -701 978 -500 -576 -314 -610
140 -166 -745 807 -617 -951 670 -208 501 -77
-768 -633 -217 685 428 -272 -369 -386 348 -878
794 -185 -790 656 996 417 -544 -851 384 302
-234 86 297 -904 -283 -953 388 468 648 -737
281 -993 -225 -510 -677 792 -978 622 -24 103
209 -162 -725 615 -52 253 -6 669 969 -47
392 -547 715 -729 920 -268 536 -452 -107 593
42 548 848 801 233 343 233 -333 626 4
114 93 -147 -153 -780 484 -743 242 -468 -358
-161 -721 -302 504 -544 574 -661 634 -725 -40
-752 208 840 -623 -117 796 336 687 -426 -112
-225 265 -405 -616 377 690 899 336 283 -155
899 688 793 -404 275 743 -266 328 912 -365
-798 843 -958 -105 454 726 -30 -937 745 -198
-475 799 -360 150 998 844 283 -402 -796 -159
-209 116 998 324 -390 839 -217 830 -937 -10
-40 331 501 -666 774 125 228 -919 359 -347
-138 592 561 -423 -949 715 -488 361 -207 322
238 -334 -284 -234 -135 -749 -7 215 -806 -941
339 -843 198 -514 79 -161 -194 -197 325 338
-309 647 464 -406 -31 702 883 891 34 -787
578 -636 521 40 512 -660 689 98 -454 -29
-129 -255 -318 -407 -240 692 834 -927 265 713
221 -980 844 -883 -490 293 739 449 253 825
333 -36 -407 181 502 -606 714 885 808 -197
47 -174 724 829 608 -457 -50 -665 -798 -967
674 -781 915 -317 -720 -288 37 -594 577 -133
-978 550 -849 -600 47 17 376 59 501 -780
34 -85 -392 446 -376 292 661 734 -130 -709
-204 -904 271 -838 669 603 38 -458 -889 -573
93 801 905 513 473 891 -251 92 -829 -995
-71 -370 481 219 204 -476 978 -195 785 111
393 415 307 785 -398 -187 501 174 728 -630
404 877 269 -498 495 610 210 -163 -610 697
-844 -395 -565 -123 300 407 -512 -178 177 -696
524 690 663 919 -637 392 234 709 612 -555
713 909 431 -376 841 -356 -459 72 -421 -138
137 454 235 287 -917 -273 189 511 -968 -449
-639 369 -448 -1000 146 -353 269 765 272 243
436 -837 -896 113 371 270 -885 -25 550 435
-429 -393 -792 143 -395 -249 -204 471 -871 -341
-670 42 897 786 -759 878 619 415 -446 754
913 -829 -134 -972 469 -389 203 691 926 431
-958 486 270 -791 910 -658 777 -342 672 912
878 849 -779 -250 -215 940 845 -131 499 838
379 335 -988 -210 502 481 196 991 193 -477
-279 -151 465 370 -505 -950 -623 -1000 846 -391
-219 -683 361 928 -732 -956 -141 679 693 536
115 -976 70 -490 563 -109 -472 446 292 59
660 -692 -47 -642 -45 -659 -767 -377 633 948
-608 913 664 -863 123 -998 -956 -341 806 -388
801 266 991 500 743 -333 -875 -379 988 -500
-380 99 -640 -204 8 -623 -466 -397 -591 -123
450 825 -861 184 994 24 984 -594 892 -302
