10 10 0.00425697
20 10 0.00741239
30 10 0.0100885
40 10 0.0126057
50 10 0.0135708
60 10 0.0147514
70 10 0.0164628
80 10 0.0172081
90 10 0.017961
100 10 0.0186522
110 10 0.0190398
120 10 0.0192419
130 10 0.0206267
140 10 0.0226003
150 10 0.0244471
160 10 0.0259668
170 10 0.0279887
180 10 0.0294879
190 10 0.0307119
200 10 0.0330662
210 10 0.0347862
220 10 0.0360502
230 10 0.038107
240 10 0.0406523
250 10 0.0413335
260 10 0.0432626
270 10 0.0458992
280 10 0.0477921
290 10 0.0497543
300 10 0.0513636
310 10 0.0532215
320 10 0.0550655
330 10 0.0573915
340 10 0.0590626
350 10 0.0604249
360 10 0.062949
370 10 0.0651622
380 10 0.0660214
390 10 0.0678357
400 10 0.0688351
410 10 0.0718474
420 10 0.0733438
430 10 0.0758508
440 10 0.0774995
450 10 0.0802586
460 10 0.0818566
470 10 0.0841402
480 10 0.0855577
490 10 0.0858386
500 10 0.0877298
510 10 0.0905833
520 10 0.0930945
530 10 0.0943719
540 10 0.097974
550 10 0.0988443
560 10 0.101296
570 10 0.10369
580 10 0.105298
590 10 0.106786
600 10 0.10856
610 10 0.111624
620 10 0.112848
630 10 0.115488
640 10 0.117293
650 10 0.118212
660 10 0.120832
670 10 0.124555
680 10 0.125432
690 10 0.128782
700 10 0.13074
710 10 0.131589
720 10 0.132697
730 10 0.135365
740 10 0.136156
750 10 0.139888
760 10 0.143092
770 10 0.140733
780 10 0.142889
790 10 0.14614
800 10 0.153227
810 10 0.151512
820 10 0.153449
830 10 0.153837
840 10 0.156278
850 10 0.158725
860 10 0.162739
870 10 0.164157
880 10 0.165217
890 10 0.167978
900 10 0.169225
910 10 0.20529
920 10 0.185313
930 10 0.174846
940 10 0.176662
950 10 0.17937
960 10 0.180378
970 10 0.184814
980 10 0.183858
990 10 0.186878
10 10 0.00440367
20 10 0.00719542
30 10 0.00564113
40 10 0.00771112
50 10 0.0104993
60 10 0.0120146
70 10 0.0150797
80 10 0.0163296
90 10 0.0185552
100 10 0.0210921
110 10 0.0233886
120 10 0.0254616
130 10 0.027601
140 10 0.0302313
150 10 0.0325548
160 10 0.0346459
170 10 0.0370512
180 10 0.0392524
190 10 0.0415264
200 10 0.0435894
210 10 0.0460946
220 10 0.0484827
230 10 0.0509043
240 10 0.0526851
250 10 0.0548298
260 10 0.0570711
270 10 0.0595842
280 10 0.0631306
290 10 0.0660816
300 10 0.0686565
310 10 0.0709167
320 10 0.0731443
330 10 0.0758515
340 10 0.0781346
350 10 0.080644
360 10 0.0823482
370 10 0.0851027
380 10 0.0873597
390 10 0.0888743
400 10 0.0919498
410 10 0.0948494
420 10 0.0977271
430 10 0.100595
440 10 0.102548
450 10 0.17925
460 10 0.12733
470 10 0.122417
480 10 0.119317
490 10 0.1178
500 10 0.119635
510 10 0.133982
520 10 0.128218
530 10 0.126574
540 10 0.127857
550 10 0.130663
560 10 0.134771
570 10 0.135548
580 10 0.139683
590 10 0.14298
600 10 0.145167
610 10 0.147419
620 10 0.150663
630 10 0.153373
640 10 0.154263
650 10 0.158837
660 10 0.158936
670 10 0.162922
680 10 0.166189
690 10 0.168288
700 10 0.172549
710 10 0.171706
720 10 0.176773
730 10 0.178215
740 10 0.181717
750 10 0.185068
760 10 0.185665
770 10 0.190048
780 10 0.191505
790 10 0.196618
800 10 0.195828
810 10 0.197017
820 10 0.201922
830 10 0.209979
840 10 0.207472
850 10 0.211223
860 10 0.21407
870 10 0.216817
880 10 0.220509
890 10 0.218666
900 10 0.224944
910 10 0.226372
920 10 0.226764
930 10 0.232648
940 10 0.234352
950 10 0.237234
960 10 0.233753
970 10 0.237282
980 10 0.239653
990 10 0.245287
10 10 0.00610378
20 10 0.008627
30 10 0.0114646
40 10 0.0159777
50 10 0.0171704
60 10 0.0187031
70 10 0.0213643
80 10 0.0239964
90 10 0.0254082
100 10 0.0281584
110 10 0.0295304
120 10 0.031564
130 10 0.0336236
140 10 0.0373369
150 10 0.0402003
160 10 0.0430134
170 10 0.0461655
180 10 0.0483787
190 10 0.0539557
200 10 0.0548927
210 10 0.0576889
220 10 0.0609765
230 10 0.064139
240 10 0.0685867
250 10 0.0699859
260 10 0.072851
270 10 0.0754577
280 10 0.0782213
290 10 0.0834587
300 10 0.08748
310 10 0.0901076
320 10 0.0948589
330 10 0.0962137
340 10 0.0990438
350 10 0.102242
360 10 0.127979
370 10 0.106805
380 10 0.112209
390 10 0.113997
400 10 0.116395
410 10 0.134164
420 10 0.127179
430 10 0.135563
440 10 0.12914
450 10 0.133351
460 10 0.135251
470 10 0.140586
480 10 0.143163
490 10 0.14482
500 10 0.149605
510 10 0.15692
520 10 0.15718
530 10 0.161191
540 10 0.163675
550 10 0.170086
560 10 0.174734
570 10 0.177864
580 10 0.178095
590 10 0.181216
600 10 0.181241
610 10 0.189398
620 10 0.191933
630 10 0.196497
640 10 0.217047
650 10 0.200307
660 10 0.204076
670 10 0.205126
680 10 0.208375
690 10 0.211962
700 10 0.212276
710 10 0.217021
720 10 0.219057
730 10 0.222882
740 10 0.227105
750 10 0.229914
760 10 0.233644
770 10 0.235629
780 10 0.23901
790 10 0.244307
800 10 0.251954
810 10 0.250326
820 10 0.252886
830 10 0.269638
840 10 0.273035
850 10 0.28099
860 10 0.294515
870 10 0.273259
880 10 0.279849
890 10 0.279984
900 10 0.280734
910 10 0.284941
920 10 0.28689
930 10 0.289552
940 10 0.291546
950 10 0.296554
960 10 0.313143
970 10 0.301604
980 10 0.307405
990 10 0.322188
10 10 0.00557967
20 10 0.00892856
30 10 0.011981
40 10 0.0148238
50 10 0.0168136
60 10 0.0184861
70 10 0.0201031
80 10 0.0217796
90 10 0.0234002
100 10 0.0261661
110 10 0.0288734
120 10 0.0318277
130 10 0.0343767
140 10 0.0375221
150 10 0.040372
160 10 0.0440251
170 10 0.0465007
180 10 0.0491785
190 10 0.0519608
200 10 0.0552823
210 10 0.058037
220 10 0.0601773
230 10 0.0637403
240 10 0.0662739
250 10 0.0686526
260 10 0.0718887
270 10 0.0756551
280 10 0.0794359
290 10 0.0815538
300 10 0.085251
310 10 0.0887046
320 10 0.0928531
330 10 0.0928315
340 10 0.0961977
350 10 0.100143
360 10 0.102981
370 10 0.106352
380 10 0.107964
390 10 0.111771
400 10 0.114634
410 10 0.119309
420 10 0.122202
430 10 0.125031
440 10 0.129547
450 10 0.130505
460 10 0.133907
470 10 0.136918
480 10 0.139327
490 10 0.143166
500 10 0.146624
510 10 0.14861
520 10 0.152151
530 10 0.158846
540 10 0.159603
550 10 0.161092
560 10 0.166465
570 10 0.170189
580 10 0.174278
590 10 0.17575
600 10 0.178467
610 10 0.183269
620 10 0.186394
630 10 0.189479
640 10 0.195124
650 10 0.196186
660 10 0.19962
670 10 0.203431
680 10 0.206674
690 10 0.210404
700 10 0.212961
710 10 0.215241
720 10 0.220009
730 10 0.224501
740 10 0.226092
750 10 0.228461
760 10 0.230808
770 10 0.23522
780 10 0.239589
790 10 0.241459
800 10 0.245797
810 10 0.249063
820 10 0.253684
830 10 0.257134
840 10 0.258415
850 10 0.263486
860 10 0.264149
870 10 0.271015
880 10 0.271071
890 10 0.27412
900 10 0.277081
910 10 0.282025
920 10 0.286398
930 10 0.287187
940 10 0.29285
950 10 0.291963
960 10 0.297592
970 10 0.300476
980 10 0.303609
990 10 0.303233
10 10 0.0079952
20 10 0.0119794
30 10 0.0154547
40 10 0.0192457
50 10 0.0219319
60 10 0.0239639
70 10 0.0256269
80 10 0.0269631
90 10 0.0290343
100 10 0.0311233
110 10 0.0346195
120 10 0.037798
130 10 0.0411648
140 10 0.0448617
150 10 0.0493394
160 10 0.0519764
170 10 0.055873
180 10 0.0594424
190 10 0.0630236
200 10 0.0666315
210 10 0.0698492
220 10 0.0743194
230 10 0.0770778
240 10 0.0801278
250 10 0.0823471
260 10 0.0872124
270 10 0.091102
280 10 0.09516
290 10 0.0983935
300 10 0.103947
310 10 0.107814
320 10 0.11179
330 10 0.114349
340 10 0.119236
350 10 0.121578
360 10 0.122353
370 10 0.127328
380 10 0.131556
390 10 0.137137
400 10 0.178171
410 10 0.148566
420 10 0.147755
430 10 0.150235
440 10 0.155647
450 10 0.157864
460 10 0.163218
470 10 0.166356
480 10 0.168728
490 10 0.173057
500 10 0.176534
510 10 0.181878
520 10 0.184217
530 10 0.190462
540 10 0.193234
550 10 0.196524
560 10 0.201123
570 10 0.206325
580 10 0.212205
590 10 0.213841
600 10 0.218599
610 10 0.222165
620 10 0.226951
630 10 0.232145
640 10 0.234347
650 10 0.236067
660 10 0.24171
670 10 0.244461
680 10 0.250554
690 10 0.252303
700 10 0.255913
710 10 0.259834
720 10 0.262581
730 10 0.268279
740 10 0.273737
750 10 0.274725
760 10 0.279209
770 10 0.285445
780 10 0.287369
790 10 0.288393
800 10 0.295047
810 10 0.297803
820 10 0.30293
830 10 0.305708
840 10 0.31124
850 10 0.315333
860 10 0.318929
870 10 0.32347
880 10 0.326048
890 10 0.329811
900 10 0.335092
910 10 0.336501
920 10 0.343723
930 10 0.345787
940 10 0.343872
950 10 0.354614
960 10 0.358099
970 10 0.361095
980 10 0.365583
990 10 0.363506
10 10 0.00674481
20 10 0.00967351
30 10 0.0143437
40 10 0.0177898
50 10 0.0210808
60 10 0.0236656
70 10 0.0250405
80 10 0.030751
90 10 0.0323191
100 10 0.0362714
110 10 0.0403285
120 10 0.0437795
130 10 0.0480559
140 10 0.0527895
150 10 0.057005
160 10 0.0630909
170 10 0.0675804
180 10 0.0710301
190 10 0.0732493
200 10 0.0773239
210 10 0.0815331
220 10 0.0852024
230 10 0.0902329
240 10 0.0935943
250 10 0.096486
260 10 0.10159
270 10 0.10668
280 10 0.111165
290 10 0.115682
300 10 0.130227
310 10 0.124652
320 10 0.128925
330 10 0.132588
340 10 0.135726
350 10 0.140356
360 10 0.143521
370 10 0.148748
380 10 0.153401
390 10 0.157359
400 10 0.162093
410 10 0.16532
420 10 0.170446
430 10 0.174782
440 10 0.181022
450 10 0.186599
460 10 0.201103
470 10 0.201286
480 10 0.207013
490 10 0.200471
500 10 0.204792
510 10 0.209206
520 10 0.21442
530 10 0.21848
540 10 0.226052
550 10 0.230274
560 10 0.232258
570 10 0.238491
580 10 0.244058
590 10 0.247477
600 10 0.25212
610 10 0.25493
620 10 0.263088
630 10 0.267723
640 10 0.27116
650 10 0.280827
660 10 0.316574
670 10 0.293138
680 10 0.291539
690 10 0.295428
700 10 0.316956
710 10 0.303545
720 10 0.328532
730 10 0.331857
740 10 0.316908
750 10 0.326961
760 10 0.327565
770 10 0.330628
780 10 0.337214
790 10 0.340953
800 10 0.342664
810 10 0.351984
820 10 0.356798
830 10 0.361074
840 10 0.358186
850 10 0.366782
860 10 0.370701
870 10 0.376877
880 10 0.385781
890 10 0.38464
900 10 0.390721
910 10 0.396848
920 10 0.404734
930 10 0.398204
940 10 0.41143
950 10 0.420433
960 10 0.423474
970 10 0.427881
980 10 0.442571
990 10 0.438881
10 10 0.0101431
20 10 0.0156833
30 10 0.0205461
40 10 0.0253227
50 10 0.0280544
60 10 0.0293667
70 10 0.0313112
80 10 0.0330073
90 10 0.0368311
100 10 0.0418474
110 10 0.0466748
120 10 0.0501796
130 10 0.0545217
140 10 0.0607585
150 10 0.0649089
160 10 0.0688311
170 10 0.0730337
180 10 0.0788471
190 10 0.0826455
200 10 0.0867474
210 10 0.0914711
220 10 0.0965421
230 10 0.100849
240 10 0.105461
250 10 0.109173
260 10 0.114335
270 10 0.119505
280 10 0.125927
290 10 0.129766
300 10 0.134753
310 10 0.141019
320 10 0.145871
330 10 0.151191
340 10 0.155919
350 10 0.160486
360 10 0.164608
370 10 0.174468
380 10 0.173621
390 10 0.17925
400 10 0.184663
410 10 0.187582
420 10 0.19309
430 10 0.195365
440 10 0.202193
450 10 0.20835
460 10 0.211225
470 10 0.218235
480 10 0.222206
490 10 0.224967
500 10 0.230922
510 10 0.236912
520 10 0.241107
530 10 0.248017
540 10 0.254658
550 10 0.260581
560 10 0.264998
570 10 0.272138
580 10 0.276363
590 10 0.281024
600 10 0.285653
610 10 0.288582
620 10 0.296256
630 10 0.29959
640 10 0.306782
650 10 0.312275
660 10 0.316086
670 10 0.325128
680 10 0.328362
690 10 0.331902
700 10 0.332642
710 10 0.341172
720 10 0.343572
730 10 0.347628
740 10 0.358639
750 10 0.360595
760 10 0.373255
770 10 0.375361
780 10 0.378746
790 10 0.381716
800 10 0.390553
810 10 0.395861
820 10 0.396833
830 10 0.404333
840 10 0.410201
850 10 0.41382
860 10 0.423185
870 10 0.425515
880 10 0.431054
890 10 0.432232
900 10 0.440503
910 10 0.44784
920 10 0.449758
930 10 0.449707
940 10 0.463226
950 10 0.466582
960 10 0.473418
970 10 0.479631
980 10 0.484931
990 10 0.490001
10 10 0.00634815
20 10 0.0138538
30 10 0.0181856
40 10 0.0238634
50 10 0.0283005
60 10 0.0299478
70 10 0.0356901
80 10 0.0416569
90 10 0.046623
100 10 0.0525372
110 10 0.0567785
120 10 0.0625407
130 10 0.0679619
140 10 0.0740633
150 10 0.082005
160 10 0.0898579
170 10 0.0915669
180 10 0.0992966
190 10 0.104949
200 10 0.109785
210 10 0.117277
220 10 0.123485
230 10 0.129092
240 10 0.137876
250 10 0.141987
260 10 0.149203
270 10 0.151637
280 10 0.158412
290 10 0.164693
300 10 0.17117
310 10 0.177806
320 10 0.183334
330 10 0.188346
340 10 0.195839
350 10 0.200932
360 10 0.209163
370 10 0.214009
380 10 0.220347
390 10 0.226693
400 10 0.233083
410 10 0.239322
420 10 0.245811
430 10 0.250697
440 10 0.261496
450 10 0.269688
460 10 0.270313
470 10 0.284831
480 10 0.281096
490 10 0.287233
500 10 0.292629
510 10 0.294827
520 10 0.304443
530 10 0.313696
540 10 0.320824
550 10 0.328828
560 10 0.333487
570 10 0.345222
580 10 0.346627
590 10 0.359135
600 10 0.364344
610 10 0.367194
620 10 0.373623
630 10 0.381234
640 10 0.384371
650 10 0.394185
660 10 0.401913
670 10 0.406482
680 10 0.413389
690 10 0.419025
700 10 0.424931
710 10 0.433204
720 10 0.440945
730 10 0.445796
740 10 0.456698
750 10 0.462574
760 10 0.465642
770 10 0.47295
780 10 0.475604
790 10 0.480599
800 10 0.489221
810 10 0.496541
820 10 0.503071
830 10 0.510151
840 10 0.523291
850 10 0.523892
860 10 0.532419
870 10 0.533469
880 10 0.539839
890 10 0.54768
900 10 0.551552
910 10 0.563602
920 10 0.571195
930 10 0.578064
940 10 0.575903
950 10 0.587177
960 10 0.596744
970 10 0.600723
980 10 0.60448
990 10 0.61428
10 10 0.00969969
20 10 0.0174489
30 10 0.0229871
40 10 0.0269767
50 10 0.030789
60 10 0.0351851
70 10 0.0393075
80 10 0.0446783
90 10 0.0505162
100 10 0.0560197
110 10 0.0627745
120 10 0.0685434
130 10 0.0741118
140 10 0.082316
150 10 0.0883707
160 10 0.0935112
170 10 0.101463
180 10 0.107337
190 10 0.113896
200 10 0.120812
210 10 0.126607
220 10 0.133536
230 10 0.138575
240 10 0.145802
250 10 0.152001
260 10 0.157828
270 10 0.166637
280 10 0.175874
290 10 0.180008
300 10 0.187851
310 10 0.1934
320 10 0.198818
330 10 0.209134
340 10 0.212981
350 10 0.222674
360 10 0.228879
370 10 0.235266
380 10 0.23966
390 10 0.247561
400 10 0.255516
410 10 0.263113
420 10 0.269684
430 10 0.274562
440 10 0.278676
450 10 0.283371
460 10 0.29593
470 10 0.298758
480 10 0.307781
490 10 0.317918
500 10 0.315429
510 10 0.328606
520 10 0.33634
530 10 0.343073
540 10 0.35092
550 10 0.358676
560 10 0.366573
570 10 0.376341
580 10 0.382438
590 10 0.387289
600 10 0.393311
610 10 0.422364
620 10 0.414691
630 10 0.417859
640 10 0.42113
650 10 0.461604
660 10 0.445906
670 10 0.457244
680 10 0.465565
690 10 0.465302
700 10 0.493283
710 10 0.475074
720 10 0.484556
730 10 0.486549
740 10 0.500269
750 10 0.500903
760 10 0.509534
770 10 0.514386
780 10 0.521529
790 10 0.529929
800 10 0.535042
810 10 0.536948
820 10 0.549616
830 10 0.563355
840 10 0.56697
850 10 0.573392
860 10 0.578792
870 10 0.587726
880 10 0.595968
890 10 0.597607
900 10 0.608451
910 10 0.61638
920 10 0.615768
930 10 0.620806
940 10 0.631968
950 10 0.638829
960 10 0.647897
970 10 0.651646
980 10 0.660601
990 10 0.666208
