10 100 10 0.00455118
110 100 10 0.010965
210 100 10 0.0102818
310 100 10 0.0120174
410 100 10 0.0109031
510 100 10 0.0161232
610 100 10 0.0144309
710 100 10 0.0153509
810 100 10 0.0164852
910 100 10 0.0193509
1010 100 10 0.0224726
1110 100 10 0.0217472
1210 100 10 0.0207313
1310 100 10 0.0222846
1410 100 10 0.0207339
1510 100 10 0.0273316
1610 100 10 0.0207113
1710 100 10 0.0276698
1810 100 10 0.0280866
1910 100 10 0.0314752
2010 100 10 0.0274978
2110 100 10 0.0274398
2210 100 10 0.0305669
2310 100 10 0.0314872
2410 100 10 0.0315847
2510 100 10 0.0275902
2610 100 10 0.0374833
2710 100 10 0.0361823
2810 100 10 0.03643
2910 100 10 0.045792
3010 100 10 0.035016
3110 100 10 0.0345467
3210 100 10 0.0373482
3310 100 10 0.0378096
3410 100 10 0.0442831
3510 100 10 0.0319448
3610 100 10 0.041427
3710 100 10 0.0487933
3810 100 10 0.0370954
3910 100 10 0.0446934
4010 100 10 0.0400378
4110 100 10 0.0410849
4210 100 10 0.051899
4310 100 10 0.032409
4410 100 10 0.047235
4510 100 10 0.0520696
4610 100 10 0.0408589
4710 100 10 0.0343758
4810 100 10 0.0463572
4910 100 10 0.0521066
5010 100 10 0.0487704
5110 100 10 0.0514647
5210 100 10 0.0459504
5310 100 10 0.0406402
5410 100 10 0.0590789
5510 100 10 0.0536713
5610 100 10 0.0410286
5710 100 10 0.0494027
5810 100 10 0.0543902
5910 100 10 0.0387401
6010 100 10 0.0433801
6110 100 10 0.0523994
6210 100 10 0.0634109
6310 100 10 0.0550291
6410 100 10 0.0557205
6510 100 10 0.0540276
6610 100 10 0.0739874
6710 100 10 0.0555101
6810 100 10 0.0645883
6910 100 10 0.0513371
7010 100 10 0.0442425
7110 100 10 0.0532467
7210 100 10 0.0712337
7310 100 10 0.0391597
7410 100 10 0.0594385
7510 100 10 0.0566768
7610 100 10 0.0587681
7710 100 10 0.0642358
7810 100 10 0.0828956
7910 100 10 0.0768193
8010 100 10 0.0508461
8110 100 10 0.0771996
8210 100 10 0.0631816
8310 100 10 0.053311
8410 100 10 0.0551836
8510 100 10 0.0722112
8610 100 10 0.0843252
8710 100 10 0.0706051
8810 100 10 0.0871627
8910 100 10 0.0662912
9010 100 10 0.0778377
9110 100 10 0.0745811
9210 100 10 0.06715
9310 100 10 0.0703906
9410 100 10 0.0773416
9510 100 10 0.0661106
9610 100 10 0.0589929
9710 100 10 0.0763019
9810 100 10 0.0873597
9910 100 10 0.0635134
10 100 10 0.00539231
10 100 10 0.0047934
10 100 10 0.00598291
10 100 10 0.00516196
10 100 10 0.00439735
10000 100 10 0.0598645
10000 100 10 0.102494
10000 100 10 0.127523
10000 100 10 0.116505
10000 100 10 0.132978
10000 100 10 0.175278
10000 100 10 0.175615
10000 100 10 0.180529
10000 100 10 0.201398
10000 100 10 0.155649
10000 100 10 0.166284
10000 100 10 0.163416
10000 100 10 0.152968
10000 100 10 0.147719
10000 100 10 0.130372
10000 100 10 0.141509
10000 100 10 0.120295
10000 100 10 0.096546
10000 100 10 0.060708
10000 100 10 0.0510613
10000 100 10 0.0385869
10000 100 10 0.0301975
10000 100 10 0.0146674
10000 100 10 0.00988334
10000 100 10 0.0138426
10000 100 10 0.00783267
10000 100 10 0.00819695
10000 100 10 0.00452333
10000 100 10 0.0067603
10000 100 10 0.00581646
10000 100 10 0.00731078
10000 100 10 0.00544189
10000 100 10 0.00538043
10000 100 10 0.00571754
10000 100 10 0.00742858
10000 100 10 0.0063466
10000 100 10 0.00592464
10000 100 10 0.00625789
10000 100 10 0.00654524
10000 100 10 0.00689757
10000 100 10 0.057739
10000 100 10 0.105461
10000 100 10 0.12997
10000 100 10 0.133771
10000 100 10 0.149455
10000 100 10 0.158203
10000 100 10 0.154431
10000 100 10 0.166148
10000 100 10 0.168079
10000 100 10 0.141723
10000 100 10 0.148708
10000 100 10 0.158427
10000 100 10 0.151591
10000 100 10 0.127681
10000 100 10 0.135136
10000 100 10 0.153071
10000 100 10 0.123645
10000 100 10 0.109193
10000 100 10 0.08175
10000 100 10 0.0608473
10000 100 10 0.0297586
10000 100 10 0.0389691
10000 100 10 0.0322479
10000 100 10 0.0135044
10000 100 10 0.0103423
10000 100 10 0.00890232
10000 100 10 0.0112684
10000 100 10 0.00764353
10000 100 10 0.00620784
10000 100 10 0.00711794
10000 100 10 0.00587787
10000 100 10 0.00522934
10000 100 10 0.00543478
10000 100 10 0.00575183
10000 100 10 0.00584459
10000 100 10 0.00624807
10000 100 10 0.00634326
10000 100 10 0.00687597
10000 100 10 0.00654886
10000 100 10 0.00653431
