10 10 10 4.4394e-05
10 10 10 2.0841e-05
10 10 10 4.1848e-05
10 10 10 4.421e-05
10 10 10 4.759e-05
10 10 10 5.5704e-05
10 10 10 4.4514e-05
10 10 10 5.266e-05
10 10 10 5.8242e-05
10000 10 15 0.0233619
10000 10 15 0.0232923
10000 10 15 0.0232134
10000 10 15 0.0237585
10000 10 15 0.0244118
10000 10 15 0.0245234
10000 10 25 0.0393508
10000 10000 25 38.3119
10000 10000 25 38.2013
10000 10000 25 40.26
10000 10000 25 38.8337
10000 10000 25 37.1643
10000 10000 25 37.1434
10000 10000 25 37.0588
10000 10000 25 37.2564
10000 10000 25 37.0925
10000 10000 25 37.3675
10000 10000 25 37.5134
10000 10000 25 36.7131
