100 100 128 0.027063
200 100 128 0.0434389
300 100 128 0.064429
400 100 128 0.0876789
500 100 128 0.109801
600 100 128 0.130057
700 100 128 0.155113
800 100 128 0.174747
900 100 128 0.196295
1000 100 128 0.220101
1100 100 128 0.242378
1200 100 128 0.263639
1300 100 128 0.284971
1400 100 128 0.310993
1500 100 128 0.333423
1600 100 128 0.354647
1700 100 128 0.382843
1800 100 128 0.39675
1900 100 128 0.430739
2000 100 128 0.44424
2100 100 128 0.464183
2200 100 128 0.484047
2300 100 128 0.50977
2400 100 128 0.530204
2500 100 128 0.555172
2600 100 128 0.575365
2700 100 128 0.610912
2800 100 128 0.679495
2900 100 128 0.642856
3000 100 128 0.729678
3100 100 128 0.704873
3200 100 128 0.748174
3300 100 128 0.817509
3400 100 128 0.756819
3500 100 128 0.866896
3600 100 128 0.828944
3700 100 128 1.0178
3800 100 128 0.889517
3900 100 128 0.973892
4000 100 128 0.952456
4100 100 128 1.00816
4200 100 128 1.01145
4300 100 128 1.055
4400 100 128 1.0207
4500 100 128 1.11021
4600 100 128 1.06892
4700 100 128 1.69914
4800 100 128 1.08776
4900 100 128 1.11793
5000 100 128 1.13076
5100 100 128 1.24962
5200 100 128 1.17327
5300 100 128 1.29594
5400 100 128 1.22138
5500 100 128 1.23659
5600 100 128 1.37517
5700 100 128 1.2846
5800 100 128 1.315
5900 100 128 1.31861
6000 100 128 1.36161
6100 100 128 1.40038
6200 100 128 1.40159
6300 100 128 1.40996
6400 100 128 1.4524
6500 100 128 1.46992
6600 100 128 1.49355
6700 100 128 1.5327
6800 100 128 1.5615
6900 100 128 1.55298
7000 100 128 1.57625
7100 100 128 1.70833
7200 100 128 1.63891
7300 100 128 1.66115
7400 100 128 1.67927
7500 100 128 1.73337
7600 100 128 1.91624
7700 100 128 1.9445
7800 100 128 2.02877
7900 100 128 1.84908
8000 100 128 1.95249
8100 100 128 2.04585
8200 100 128 1.92753
8300 100 128 1.92782
8400 100 128 2.14249
8500 100 128 2.05822
8600 100 128 2.03392
8700 100 128 2.10392
8800 100 128 2.10751
8900 100 128 2.10521
9000 100 128 2.16836
9100 100 128 2.24971
9200 100 128 2.28544
9300 100 128 2.09088
9400 100 128 2.11244
9500 100 128 2.12448
9600 100 128 2.38725
9700 100 128 2.40321
9800 100 128 2.19394
9900 100 128 2.32994
