100 100 128 0.0287535
200 100 128 0.0326977
300 100 128 0.0396056
400 100 128 0.0611842
500 100 128 0.0759169
600 100 128 0.0816186
700 100 128 0.0951587
800 100 128 0.112455
900 100 128 0.130103
1000 100 128 0.146034
1100 100 128 0.155418
1200 100 128 0.150213
1300 100 128 0.175428
1400 100 128 0.170922
1500 100 128 0.202874
1600 100 128 0.162962
1700 100 128 0.159635
1800 100 128 0.224192
1900 100 128 0.266266
2000 100 128 0.270437
2100 100 128 0.184525
2200 100 128 0.19937
2300 100 128 0.30613
2400 100 128 0.312808
2500 100 128 0.296417
2600 100 128 0.356477
2700 100 128 0.34761
2800 100 128 0.371508
2900 100 128 0.360994
3000 100 128 0.402778
3100 100 128 0.412821
3200 100 128 0.372393
3300 100 128 0.482421
3400 100 128 0.421997
3500 100 128 0.468039
3600 100 128 0.512339
3700 100 128 0.532612
3800 100 128 0.476439
3900 100 128 0.560352
4000 100 128 0.627896
4100 100 128 0.590785
4200 100 128 0.576556
4300 100 128 0.604636
4400 100 128 0.53635
4500 100 128 0.583179
4600 100 128 0.66064
4700 100 128 0.796769
4800 100 128 0.616158
4900 100 128 0.601857
5000 100 128 0.626703
5100 100 128 0.685015
5200 100 128 0.577142
5300 100 128 0.721985
5400 100 128 0.68309
5500 100 128 0.596427
5600 100 128 0.776451
5700 100 128 0.689356
5800 100 128 0.623042
5900 100 128 0.586438
6000 100 128 0.64241
6100 100 128 0.608438
6200 100 128 0.674003
6300 100 128 0.68155
6400 100 128 0.765719
6500 100 128 0.73014
6600 100 128 0.705719
6700 100 128 0.655297
6800 100 128 0.789902
6900 100 128 0.668578
7000 100 128 0.849973
7100 100 128 0.808538
7200 100 128 0.705588
7300 100 128 0.908008
7400 100 128 0.815735
7500 100 128 0.816355
7600 100 128 0.816481
7700 100 128 0.966054
7800 100 128 0.871305
7900 100 128 0.93511
8000 100 128 0.988279
8100 100 128 0.940873
8200 100 128 1.10882
8300 100 128 0.979447
8400 100 128 0.93767
8500 100 128 1.13487
8600 100 128 0.784521
8700 100 128 0.893789
8800 100 128 0.965049
8900 100 128 0.872118
9000 100 128 0.901534
9100 100 128 1.0311
9200 100 128 0.993308
9300 100 128 0.887388
9400 100 128 0.715739
9500 100 128 1.07417
9600 100 128 1.15117
9700 100 128 1.05541
9800 100 128 0.854594
9900 100 128 1.06377
