10 10 0.00425697
20 10 0.00741239
30 10 0.0100885
40 10 0.0126057
50 10 0.0135708
60 10 0.0147514
70 10 0.0164628
80 10 0.0172081
90 10 0.017961
100 10 0.0186522
110 10 0.0190398
120 10 0.0192419
130 10 0.0206267
140 10 0.0226003
150 10 0.0244471
160 10 0.0259668
170 10 0.0279887
180 10 0.0294879
190 10 0.0307119
200 10 0.0330662
210 10 0.0347862
220 10 0.0360502
230 10 0.038107
240 10 0.0406523
250 10 0.0413335
260 10 0.0432626
270 10 0.0458992
280 10 0.0477921
290 10 0.0497543
300 10 0.0513636
310 10 0.0532215
320 10 0.0550655
330 10 0.0573915
340 10 0.0590626
350 10 0.0604249
360 10 0.062949
370 10 0.0651622
380 10 0.0660214
390 10 0.0678357
400 10 0.0688351
410 10 0.0718474
420 10 0.0733438
430 10 0.0758508
440 10 0.0774995
450 10 0.0802586
460 10 0.0818566
470 10 0.0841402
480 10 0.0855577
490 10 0.0858386
500 10 0.0877298
510 10 0.0905833
520 10 0.0930945
530 10 0.0943719
540 10 0.097974
550 10 0.0988443
560 10 0.101296
570 10 0.10369
580 10 0.105298
590 10 0.106786
600 10 0.10856
610 10 0.111624
620 10 0.112848
630 10 0.115488
640 10 0.117293
650 10 0.118212
660 10 0.120832
670 10 0.124555
680 10 0.125432
690 10 0.128782
700 10 0.13074
710 10 0.131589
720 10 0.132697
730 10 0.135365
740 10 0.136156
750 10 0.139888
760 10 0.143092
770 10 0.140733
780 10 0.142889
790 10 0.14614
800 10 0.153227
810 10 0.151512
820 10 0.153449
830 10 0.153837
840 10 0.156278
850 10 0.158725
860 10 0.162739
870 10 0.164157
880 10 0.165217
890 10 0.167978
900 10 0.169225
910 10 0.20529
920 10 0.185313
930 10 0.174846
940 10 0.176662
950 10 0.17937
960 10 0.180378
970 10 0.184814
980 10 0.183858
990 10 0.186878
10 10 0.00440367
20 10 0.00719542
30 10 0.00564113
40 10 0.00771112
50 10 0.0104993
60 10 0.0120146
70 10 0.0150797
80 10 0.0163296
90 10 0.0185552
100 10 0.0210921
110 10 0.0233886
120 10 0.0254616
130 10 0.027601
140 10 0.0302313
150 10 0.0325548
160 10 0.0346459
170 10 0.0370512
180 10 0.0392524
190 10 0.0415264
200 10 0.0435894
210 10 0.0460946
220 10 0.0484827
230 10 0.0509043
240 10 0.0526851
250 10 0.0548298
260 10 0.0570711
270 10 0.0595842
280 10 0.0631306
290 10 0.0660816
300 10 0.0686565
310 10 0.0709167
320 10 0.0731443
330 10 0.0758515
340 10 0.0781346
350 10 0.080644
360 10 0.0823482
370 10 0.0851027
380 10 0.0873597
390 10 0.0888743
400 10 0.0919498
410 10 0.0948494
420 10 0.0977271
430 10 0.100595
440 10 0.102548
450 10 0.17925
460 10 0.12733
470 10 0.122417
480 10 0.119317
490 10 0.1178
500 10 0.119635
510 10 0.133982
520 10 0.128218
530 10 0.126574
540 10 0.127857
550 10 0.130663
560 10 0.134771
570 10 0.135548
580 10 0.139683
590 10 0.14298
600 10 0.145167
610 10 0.147419
620 10 0.150663
630 10 0.153373
640 10 0.154263
650 10 0.158837
660 10 0.158936
670 10 0.162922
680 10 0.166189
690 10 0.168288
700 10 0.172549
710 10 0.171706
720 10 0.176773
730 10 0.178215
740 10 0.181717
750 10 0.185068
760 10 0.185665
770 10 0.190048
780 10 0.191505
790 10 0.196618
800 10 0.195828
810 10 0.197017
820 10 0.201922
830 10 0.209979
840 10 0.207472
850 10 0.211223
860 10 0.21407
870 10 0.216817
880 10 0.220509
890 10 0.218666
900 10 0.224944
910 10 0.226372
920 10 0.226764
930 10 0.232648
940 10 0.234352
950 10 0.237234
960 10 0.233753
970 10 0.237282
980 10 0.239653
990 10 0.245287
10 10 0.00610378
20 10 0.008627
30 10 0.0114646
40 10 0.0159777
50 10 0.0171704
60 10 0.0187031
70 10 0.0213643
80 10 0.0239964
90 10 0.0254082
100 10 0.0281584
110 10 0.0295304
120 10 0.031564
130 10 0.0336236
140 10 0.0373369
150 10 0.0402003
160 10 0.0430134
170 10 0.0461655
180 10 0.0483787
190 10 0.0539557
200 10 0.0548927
210 10 0.0576889
220 10 0.0609765
230 10 0.064139
240 10 0.0685867
250 10 0.0699859
260 10 0.072851
270 10 0.0754577
280 10 0.0782213
290 10 0.0834587
300 10 0.08748
310 10 0.0901076
320 10 0.0948589
330 10 0.0962137
340 10 0.0990438
350 10 0.102242
360 10 0.127979
370 10 0.106805
380 10 0.112209
390 10 0.113997
400 10 0.116395
410 10 0.134164
420 10 0.127179
430 10 0.135563
440 10 0.12914
450 10 0.133351
460 10 0.135251
470 10 0.140586
480 10 0.143163
490 10 0.14482
500 10 0.149605
510 10 0.15692
520 10 0.15718
530 10 0.161191
540 10 0.163675
550 10 0.170086
560 10 0.174734
570 10 0.177864
580 10 0.178095
590 10 0.181216
600 10 0.181241
610 10 0.189398
620 10 0.191933
630 10 0.196497
640 10 0.217047
650 10 0.200307
660 10 0.204076
670 10 0.205126
680 10 0.208375
690 10 0.211962
700 10 0.212276
710 10 0.217021
720 10 0.219057
730 10 0.222882
740 10 0.227105
750 10 0.229914
760 10 0.233644
770 10 0.235629
780 10 0.23901
790 10 0.244307
800 10 0.251954
810 10 0.250326
820 10 0.252886
830 10 0.269638
840 10 0.273035
850 10 0.28099
860 10 0.294515
870 10 0.273259
880 10 0.279849
890 10 0.279984
900 10 0.280734
910 10 0.284941
920 10 0.28689
930 10 0.289552
940 10 0.291546
950 10 0.296554
960 10 0.313143
970 10 0.301604
980 10 0.307405
990 10 0.322188
10 10 0.00557967
20 10 0.00892856
30 10 0.011981
40 10 0.0148238
50 10 0.0168136
60 10 0.0184861
70 10 0.0201031
80 10 0.0217796
90 10 0.0234002
100 10 0.0261661
110 10 0.0288734
120 10 0.0318277
130 10 0.0343767
140 10 0.0375221
150 10 0.040372
160 10 0.0440251
170 10 0.0465007
180 10 0.0491785
190 10 0.0519608
200 10 0.0552823
210 10 0.058037
220 10 0.0601773
230 10 0.0637403
240 10 0.0662739
250 10 0.0686526
260 10 0.0718887
270 10 0.0756551
280 10 0.0794359
290 10 0.0815538
300 10 0.085251
310 10 0.0887046
320 10 0.0928531
330 10 0.0928315
340 10 0.0961977
350 10 0.100143
360 10 0.102981
370 10 0.106352
380 10 0.107964
390 10 0.111771
400 10 0.114634
410 10 0.119309
420 10 0.122202
430 10 0.125031
440 10 0.129547
450 10 0.130505
460 10 0.133907
470 10 0.136918
480 10 0.139327
490 10 0.143166
500 10 0.146624
510 10 0.14861
520 10 0.152151
530 10 0.158846
540 10 0.159603
550 10 0.161092
560 10 0.166465
570 10 0.170189
580 10 0.174278
590 10 0.17575
600 10 0.178467
610 10 0.183269
620 10 0.186394
630 10 0.189479
640 10 0.195124
650 10 0.196186
660 10 0.19962
670 10 0.203431
680 10 0.206674
690 10 0.210404
700 10 0.212961
710 10 0.215241
720 10 0.220009
730 10 0.224501
740 10 0.226092
750 10 0.228461
760 10 0.230808
770 10 0.23522
780 10 0.239589
790 10 0.241459
800 10 0.245797
810 10 0.249063
820 10 0.253684
830 10 0.257134
840 10 0.258415
850 10 0.263486
860 10 0.264149
870 10 0.271015
880 10 0.271071
890 10 0.27412
900 10 0.277081
910 10 0.282025
920 10 0.286398
930 10 0.287187
940 10 0.29285
950 10 0.291963
960 10 0.297592
970 10 0.300476
980 10 0.303609
990 10 0.303233
10 10 0.0079952
20 10 0.0119794
30 10 0.0154547
40 10 0.0192457
50 10 0.0219319
60 10 0.0239639
70 10 0.0256269
80 10 0.0269631
90 10 0.0290343
100 10 0.0311233
110 10 0.0346195
120 10 0.037798
130 10 0.0411648
140 10 0.0448617
150 10 0.0493394
160 10 0.0519764
170 10 0.055873
180 10 0.0594424
190 10 0.0630236
200 10 0.0666315
210 10 0.0698492
220 10 0.0743194
230 10 0.0770778
240 10 0.0801278
250 10 0.0823471
260 10 0.0872124
270 10 0.091102
280 10 0.09516
290 10 0.0983935
300 10 0.103947
310 10 0.107814
320 10 0.11179
330 10 0.114349
340 10 0.119236
350 10 0.121578
360 10 0.122353
370 10 0.127328
380 10 0.131556
390 10 0.137137
400 10 0.178171
410 10 0.148566
420 10 0.147755
430 10 0.150235
440 10 0.155647
450 10 0.157864
460 10 0.163218
470 10 0.166356
480 10 0.168728
490 10 0.173057
500 10 0.176534
510 10 0.181878
520 10 0.184217
530 10 0.190462
540 10 0.193234
550 10 0.196524
560 10 0.201123
570 10 0.206325
580 10 0.212205
590 10 0.213841
600 10 0.218599
610 10 0.222165
620 10 0.226951
630 10 0.232145
640 10 0.234347
650 10 0.236067
660 10 0.24171
670 10 0.244461
680 10 0.250554
690 10 0.252303
700 10 0.255913
710 10 0.259834
720 10 0.262581
730 10 0.268279
740 10 0.273737
750 10 0.274725
760 10 0.279209
770 10 0.285445
780 10 0.287369
790 10 0.288393
800 10 0.295047
810 10 0.297803
820 10 0.30293
830 10 0.305708
840 10 0.31124
850 10 0.315333
860 10 0.318929
870 10 0.32347
880 10 0.326048
890 10 0.329811
900 10 0.335092
910 10 0.336501
920 10 0.343723
930 10 0.345787
940 10 0.343872
950 10 0.354614
960 10 0.358099
970 10 0.361095
980 10 0.365583
990 10 0.363506
10 10 0.00674481
20 10 0.00967351
30 10 0.0143437
40 10 0.0177898
50 10 0.0210808
60 10 0.0236656
70 10 0.0250405
80 10 0.030751
90 10 0.0323191
100 10 0.0362714
110 10 0.0403285
120 10 0.0437795
130 10 0.0480559
140 10 0.0527895
150 10 0.057005
160 10 0.0630909
170 10 0.0675804
180 10 0.0710301
190 10 0.0732493
200 10 0.0773239
210 10 0.0815331
220 10 0.0852024
230 10 0.0902329
240 10 0.0935943
250 10 0.096486
260 10 0.10159
270 10 0.10668
280 10 0.111165
290 10 0.115682
300 10 0.130227
310 10 0.124652
320 10 0.128925
330 10 0.132588
340 10 0.135726
350 10 0.140356
360 10 0.143521
370 10 0.148748
380 10 0.153401
390 10 0.157359
400 10 0.162093
410 10 0.16532
420 10 0.170446
430 10 0.174782
440 10 0.181022
450 10 0.186599
460 10 0.201103
470 10 0.201286
480 10 0.207013
490 10 0.200471
500 10 0.204792
510 10 0.209206
520 10 0.21442
530 10 0.21848
540 10 0.226052
550 10 0.230274
560 10 0.232258
570 10 0.238491
580 10 0.244058
590 10 0.247477
600 10 0.25212
610 10 0.25493
620 10 0.263088
630 10 0.267723
640 10 0.27116
650 10 0.280827
660 10 0.316574
670 10 0.293138
680 10 0.291539
690 10 0.295428
700 10 0.316956
710 10 0.303545
720 10 0.328532
730 10 0.331857
740 10 0.316908
750 10 0.326961
760 10 0.327565
770 10 0.330628
780 10 0.337214
790 10 0.340953
800 10 0.342664
810 10 0.351984
820 10 0.356798
830 10 0.361074
840 10 0.358186
850 10 0.366782
860 10 0.370701
870 10 0.376877
880 10 0.385781
890 10 0.38464
900 10 0.390721
910 10 0.396848
920 10 0.404734
930 10 0.398204
940 10 0.41143
950 10 0.420433
960 10 0.423474
970 10 0.427881
980 10 0.442571
990 10 0.438881
10 10 0.0101431
20 10 0.0156833
30 10 0.0205461
40 10 0.0253227
50 10 0.0280544
60 10 0.0293667
70 10 0.0313112
80 10 0.0330073
90 10 0.0368311
100 10 0.0418474
110 10 0.0466748
120 10 0.0501796
130 10 0.0545217
140 10 0.0607585
150 10 0.0649089
160 10 0.0688311
170 10 0.0730337
180 10 0.0788471
190 10 0.0826455
200 10 0.0867474
210 10 0.0914711
220 10 0.0965421
230 10 0.100849
240 10 0.105461
250 10 0.109173
260 10 0.114335
270 10 0.119505
280 10 0.125927
290 10 0.129766
300 10 0.134753
310 10 0.141019
320 10 0.145871
330 10 0.151191
340 10 0.155919
350 10 0.160486
360 10 0.164608
370 10 0.174468
380 10 0.173621
390 10 0.17925
400 10 0.184663
410 10 0.187582
420 10 0.19309
430 10 0.195365
440 10 0.202193
450 10 0.20835
460 10 0.211225
470 10 0.218235
480 10 0.222206
490 10 0.224967
500 10 0.230922
510 10 0.236912
520 10 0.241107
530 10 0.248017
540 10 0.254658
550 10 0.260581
560 10 0.264998
570 10 0.272138
580 10 0.276363
590 10 0.281024
600 10 0.285653
610 10 0.288582
620 10 0.296256
630 10 0.29959
640 10 0.306782
650 10 0.312275
660 10 0.316086
670 10 0.325128
680 10 0.328362
690 10 0.331902
700 10 0.332642
710 10 0.341172
720 10 0.343572
730 10 0.347628
740 10 0.358639
750 10 0.360595
760 10 0.373255
770 10 0.375361
780 10 0.378746
790 10 0.381716
800 10 0.390553
810 10 0.395861
820 10 0.396833
830 10 0.404333
840 10 0.410201
850 10 0.41382
860 10 0.423185
870 10 0.425515
880 10 0.431054
890 10 0.432232
900 10 0.440503
910 10 0.44784
920 10 0.449758
930 10 0.449707
940 10 0.463226
950 10 0.466582
960 10 0.473418
970 10 0.479631
980 10 0.484931
990 10 0.490001
10 10 0.00634815
20 10 0.0138538
30 10 0.0181856
40 10 0.0238634
50 10 0.0283005
60 10 0.0299478
70 10 0.0356901
80 10 0.0416569
90 10 0.046623
100 10 0.0525372
110 10 0.0567785
120 10 0.0625407
130 10 0.0679619
140 10 0.0740633
150 10 0.082005
160 10 0.0898579
170 10 0.0915669
180 10 0.0992966
190 10 0.104949
200 10 0.109785
210 10 0.117277
220 10 0.123485
230 10 0.129092
240 10 0.137876
250 10 0.141987
260 10 0.149203
270 10 0.151637
280 10 0.158412
290 10 0.164693
300 10 0.17117
310 10 0.177806
320 10 0.183334
330 10 0.188346
340 10 0.195839
350 10 0.200932
360 10 0.209163
370 10 0.214009
380 10 0.220347
390 10 0.226693
400 10 0.233083
410 10 0.239322
420 10 0.245811
430 10 0.250697
440 10 0.261496
450 10 0.269688
460 10 0.270313
470 10 0.284831
480 10 0.281096
490 10 0.287233
500 10 0.292629
510 10 0.294827
520 10 0.304443
530 10 0.313696
540 10 0.320824
550 10 0.328828
560 10 0.333487
570 10 0.345222
580 10 0.346627
590 10 0.359135
600 10 0.364344
610 10 0.367194
620 10 0.373623
630 10 0.381234
640 10 0.384371
650 10 0.394185
660 10 0.401913
670 10 0.406482
680 10 0.413389
690 10 0.419025
700 10 0.424931
710 10 0.433204
720 10 0.440945
730 10 0.445796
740 10 0.456698
750 10 0.462574
760 10 0.465642
770 10 0.47295
780 10 0.475604
790 10 0.480599
800 10 0.489221
810 10 0.496541
820 10 0.503071
830 10 0.510151
840 10 0.523291
850 10 0.523892
860 10 0.532419
870 10 0.533469
880 10 0.539839
890 10 0.54768
900 10 0.551552
910 10 0.563602
920 10 0.571195
930 10 0.578064
940 10 0.575903
950 10 0.587177
960 10 0.596744
970 10 0.600723
980 10 0.60448
990 10 0.61428
10 10 0.00969969
20 10 0.0174489
30 10 0.0229871
40 10 0.0269767
50 10 0.030789
60 10 0.0351851
70 10 0.0393075
80 10 0.0446783
90 10 0.0505162
100 10 0.0560197
110 10 0.0627745
120 10 0.0685434
130 10 0.0741118
140 10 0.082316
150 10 0.0883707
160 10 0.0935112
170 10 0.101463
180 10 0.107337
190 10 0.113896
200 10 0.120812
210 10 0.126607
220 10 0.133536
230 10 0.138575
240 10 0.145802
250 10 0.152001
260 10 0.157828
270 10 0.166637
280 10 0.175874
290 10 0.180008
300 10 0.187851
310 10 0.1934
320 10 0.198818
330 10 0.209134
340 10 0.212981
350 10 0.222674
360 10 0.228879
370 10 0.235266
380 10 0.23966
390 10 0.247561
400 10 0.255516
410 10 0.263113
420 10 0.269684
430 10 0.274562
440 10 0.278676
450 10 0.283371
460 10 0.29593
470 10 0.298758
480 10 0.307781
490 10 0.317918
500 10 0.315429
510 10 0.328606
520 10 0.33634
530 10 0.343073
540 10 0.35092
550 10 0.358676
560 10 0.366573
570 10 0.376341
580 10 0.382438
590 10 0.387289
600 10 0.393311
610 10 0.422364
620 10 0.414691
630 10 0.417859
640 10 0.42113
650 10 0.461604
660 10 0.445906
670 10 0.457244
680 10 0.465565
690 10 0.465302
700 10 0.493283
710 10 0.475074
720 10 0.484556
730 10 0.486549
740 10 0.500269
750 10 0.500903
760 10 0.509534
770 10 0.514386
780 10 0.521529
790 10 0.529929
800 10 0.535042
810 10 0.536948
820 10 0.549616
830 10 0.563355
840 10 0.56697
850 10 0.573392
860 10 0.578792
870 10 0.587726
880 10 0.595968
890 10 0.597607
900 10 0.608451
910 10 0.61638
920 10 0.615768
930 10 0.620806
940 10 0.631968
950 10 0.638829
960 10 0.647897
970 10 0.651646
980 10 0.660601
990 10 0.666208
100 10 0.0078923
1000 10 0.0821209
10000 10 0.797821
100000 10 38.5248
100000 10 36.1008
10000 10 1.4728
10000 10 1.56931
10000 10 1.48887
10000 10 2.92994
10000 10 2.92995
10000 10 2.92089
10000 10 2.96498
10000 10 3.02613
10000 10 2.96386
10000 10 2.94147
10000 10 2.93526
10000 10 2.97468
10000 10 3.03292
10000 10 2.98544
10000 10 2.92652
10000 10 2.91547
10000 10 2.98989
10000 10 2.93618
10000 10 3.0205
1000 10 0.275146
1000 10 0.295275
1000 10 0.28685
1000 10 0.253651
1000 10 0.29752
1000 10 0.261196
1000 10 0.281631
1000 10 0.276139
1000 10 0.28499
10000 10 2.98263
10000 10 2.9834
10000 10 2.97954
10000 10 2.98565
10000 10 2.9734
10000 10 2.96668
10000 10 2.98202
10000 10 2.99101
10000 10 3.00237
10000 10 2.98733
10000 10 3.03828
10000 10 3.08917
10000 10 3.029
10000 10 3.01207
10000 10 3.01074
10000 10 3.01288
10000 10 3.06191
100000 10 38.357
100000 10 38.4475
100000 10 38.8139
1000 10 0.274436
1000 10 0.289386
1000 10 0.287536
1000 10 0.30889
1000 10 0.253884
1000 10 0.302981
1000 10 0.302771
1000 10 0.296914
1000 10 0.310158
1000 10 0.297437
10000 10 2.93967
10000 10 2.94598
100000 10 36.2651
100000 10 35.8677
100000 10 35.5522
10000 10 2.91597
10000 10 2.94054
10000 10 3.00646
10000 10 2.89916
10000 10 2.91729
10000 10 2.91593
10000 10 2.99317
10000 10 3.08286
10000 10 3.02
10000 10 2.97331
10000 10 3.03016
10000 10 2.99711
10000 10 0.803167
10000 10 1.51491
10000 10 2.96966
10000 10 4.48739
10000 10 5.99947
10000 10 5.91043
10000 10 5.89819
10000 10 5.93807
10000 10 0.188962
10000 10 0.330315
10000 10 0.475652
10000 10 0.623516
10000 10 0.771745
10000 10 0.920085
10000 10 1.06233
10000 10 1.23662
10000 10 1.36822
10000 10 1.5004
10000 10 1.65337
10000 10 1.80416
10000 10 1.93484
10000 10 2.11486
10000 10 2.24351
10000 10 2.39168
10000 10 2.54617
10000 10 2.69256
10000 10 2.87983
10000 10 3.01461
10000 10 3.12464
10000 10 3.31379
10000 10 3.50722
10000 10 3.68824
10000 10 3.82418
10000 10 3.97545
10000 10 4.08046
10000 10 4.28205
10000 10 4.35378
10000 10 4.47717
10000 10 4.61
10000 10 4.75731
10000 10 4.91406
10000 10 5.06591
10000 10 5.2565
10000 10 5.39416
10000 10 5.51258
10000 10 5.68204
10000 10 5.86511
10000 10 2.95833
10000 10 2.95221
10000 10 2.94688
10000 10 2.94814
10000 10 2.9309
10000 10 2.94624
10000 10 2.92552
10000 10 2.94093
10000 10 3.0026
10000 10 3.08693
10000 10 3.03325
10000 10 3.06614
10000 10 3.01674
10000 10 3.06649
10000 10 2.95749
10000 10 2.94916
10000 10 2.92429
10000 10 2.99654
10000 10 2.97902
10000 10 2.94549
10000 10 2.97079
10000 10 3.02397
10000 10 2.93884
10000 10 2.93975
10000 10 2.93211
10000 10 2.95475
10000 10 2.96378
10000 10 3.02727
10000 10 2.95345
10000 10 2.94096
10000 10 2.95785
10000 10 2.95477
10000 10 2.94088
10000 10 2.94462
10000 10 2.95526
10000 10 2.97439
10000 10 2.95728
10000 10 2.93907
10000 10 2.97835
10000 10 2.93968
10000 1080056 0.0364544
10000 10 0.184811
10000 10 0.328981
10000 10 0.481827
10000 10 0.621493
10000 10 0.76621
10000 10 0.915222
10000 10 1.05919
10000 10 1.20868
10000 10 1.35969
10000 10 1.49465
10000 10 1.64397
10000 10 1.79439
10000 10 1.93238
10000 10 2.07697
10000 10 2.24826
10000 10 2.38306
10000 10 2.52339
10000 10 2.6619
10000 10 2.82588
10000 10 2.96798
10000 10 3.11767
10000 10 3.27579
10000 10 3.40162
10000 10 3.54245
10000 10 3.68233
10000 10 3.90778
10000 10 4.16056
10000 10 4.27435
10000 10 4.33945
10000 10 4.57383
10000 10 4.58359
10000 10 4.73291
10000 10 4.89641
10000 10 5.22653
10000 10 5.57236
10000 10 5.3593
10000 10 5.54821
10000 10 5.59623
10000 10 5.78171
10000 10 5.93034
10000 1080056 0.0420614
10000 10 0.184227
10000 10 0.327596
10000 10 0.498485
10000 10 0.621467
10000 10 0.805237
10000 10 0.963677
10000 10 1.05403
10000 10 1.24866
10000 10 1.33876
10000 10 1.56851
10000 10 1.67213
10000 10 1.81999
10000 10 1.96816
10000 10 2.06002
10000 10 2.25473
10000 10 2.34694
10000 10 2.55745
10000 10 2.70556
10000 10 2.86091
10000 10 2.937
10000 10 3.18099
10000 10 3.27648
10000 10 3.45851
10000 10 3.53505
10000 10 3.75891
10000 10 3.85301
10000 10 4.08527
10000 10 4.15809
10000 10 4.27661
10000 10 4.4476
10000 10 4.60828
10000 10 4.73199
10000 10 4.87297
10000 10 5.03114
10000 10 5.1779
10000 10 5.38843
10000 10 5.48842
10000 10 5.64091
10000 10 5.74826
10000 10 5.8373
10000 10 2.97716
10000 10 2.95947
10000 10 2.96822
10000 10 2.95673
10000 10 2.96004
10000 10 2.97566
10000 10 2.97012
10000 10 2.96482
10000 10 2.95882
10000 10 2.9522
10000 10 2.96913
10000 10 2.96596
10000 10 2.97952
10000 10 2.96609
10000 10 2.98474
10000 10 2.97421
10000 10 2.98897
10000 10 2.96897
10000 10 3.07328
10000 10 2.96468
10000 10 2.96546
10000 10 2.98365
10000 10 2.97537
10000 10 2.97508
10000 10 3.02975
10000 10 3.09705
10000 10 3.08018
10000 10 3.0842
10000 10 3.0734
10000 10 3.0808
10000 10 3.05867
10000 10 3.06329
10000 10 3.0705
10000 10 3.06359
10000 10 3.24906
10000 10 3.09675
10000 10 3.08613
10000 10 3.08254
10000 10 3.05609
10000 10 3.08006
10000 10 3.06733
10 10 0.0011852
20 10 0.00264141
30 10 0.00321748
40 10 0.0037295
50 10 0.00457324
60 10 0.00481122
70 10 0.00549503
80 10 0.0059629
90 10 0.00641747
100 10 0.00680376
110 10 0.0072856
120 10 0.00728084
130 10 0.00784413
140 10 0.00787341
150 10 0.00869732
160 10 0.00918363
170 10 0.00976195
180 10 0.0104801
190 10 0.0110724
200 10 0.0118879
210 10 0.0122778
220 10 0.0128199
230 10 0.0135044
240 10 0.0140514
250 10 0.0149134
260 10 0.015564
270 10 0.0161988
280 10 0.0168366
290 10 0.0174214
300 10 0.0181921
310 10 0.0188429
320 10 0.0194357
330 10 0.0203184
340 10 0.0209706
350 10 0.0212714
360 10 0.0223789
370 10 0.0225595
380 10 0.0232825
390 10 0.0243316
400 10 0.0247139
410 10 0.0258324
420 10 0.0266907
430 10 0.027172
440 10 0.0277148
450 10 0.0277344
460 10 0.0291886
470 10 0.0293755
480 10 0.0307227
490 10 0.0326889
500 10 0.0314847
510 10 0.0322138
520 10 0.0331864
530 10 0.0339139
540 10 0.0346391
550 10 0.035352
560 10 0.0358481
570 10 0.0363796
580 10 0.0581095
590 10 0.0378826
600 10 0.0387446
610 10 0.0401382
620 10 0.0422145
630 10 0.0406429
640 10 0.0418543
650 10 0.0417002
660 10 0.0429669
670 10 0.0484353
680 10 0.0440652
690 10 0.0449858
700 10 0.0458992
710 10 0.0458853
720 10 0.0465069
730 10 0.04734
740 10 0.0475712
750 10 0.048451
760 10 0.0494679
770 10 0.0504051
780 10 0.0509263
790 10 0.0514059
800 10 0.0522182
810 10 0.0534746
820 10 0.0531075
830 10 0.0545122
840 10 0.0551931
850 10 0.0558436
860 10 0.0562427
870 10 0.056777
880 10 0.0578197
890 10 0.0588809
900 10 0.0640533
910 10 0.0721101
920 10 0.0713617
930 10 0.0789809
940 10 0.065312
950 10 0.0657501
960 10 0.0658249
970 10 0.067021
980 10 0.0648241
990 10 0.0655364
1000 10 0.066761
1010 10 0.0659219
1020 10 0.0669234
1030 10 0.0685426
1040 10 0.0693461
1050 10 0.0703155
1060 10 0.0705902
1070 10 0.0719022
1080 10 0.0726711
1090 10 0.0726846
1100 10 0.0743387
1110 10 0.0749453
1120 10 0.075583
1130 10 0.077283
1140 10 0.0772903
1150 10 0.0784815
1160 10 0.0784294
1170 10 0.0799417
1180 10 0.0817216
1190 10 0.0828422
1200 10 0.0842572
1210 10 0.0832807
1220 10 0.0846984
1230 10 0.0870835
1240 10 0.0897127
1250 10 0.0868504
1260 10 0.0883698
1270 10 0.0879945
1280 10 0.0902553
1290 10 0.0876476
1300 10 0.0885733
1310 10 0.0892017
1320 10 0.0905289
1330 10 0.0910477
1340 10 0.0912173
1350 10 0.0920474
1360 10 0.093207
1370 10 0.0945699
1380 10 0.0935327
1390 10 0.0951353
1400 10 0.0961548
1410 10 0.0973149
1420 10 0.0984494
1430 10 0.0987074
1440 10 0.0990892
1450 10 0.100421
1460 10 0.10087
1470 10 0.101449
1480 10 0.101959
1490 10 0.103418
1500 10 0.102894
1510 10 0.104623
1520 10 0.105208
1530 10 0.107443
1540 10 0.105936
1550 10 0.106886
1560 10 0.107709
1570 10 0.109305
1580 10 0.108998
1590 10 0.110894
1600 10 0.11106
1610 10 0.111372
1620 10 0.112585
1630 10 0.113591
1640 10 0.114049
1650 10 0.114639
1660 10 0.114546
1670 10 0.115932
1680 10 0.117125
1690 10 0.117727
1700 10 0.118507
1710 10 0.118241
1720 10 0.120552
1730 10 0.122479
1740 10 0.121342
1750 10 0.120982
1760 10 0.122296
1770 10 0.123162
1780 10 0.124856
1790 10 0.125003
1800 10 0.127211
1810 10 0.126338
1820 10 0.127889
1830 10 0.128221
1840 10 0.129332
1850 10 0.129337
1860 10 0.130266
1870 10 0.131079
1880 10 0.132189
1890 10 0.132766
1900 10 0.132075
1910 10 0.133051
1920 10 0.134899
1930 10 0.135405
1940 10 0.136161
1950 10 0.137859
1960 10 0.138534
1970 10 0.139859
1980 10 0.139918
1990 10 0.139569
2000 10 0.140491
2010 10 0.142489
2020 10 0.142836
2030 10 0.141766
2040 10 0.144929
2050 10 0.145243
2060 10 0.145751
2070 10 0.146047
2080 10 0.148163
2090 10 0.14839
2100 10 0.149631
2110 10 0.149959
2120 10 0.150295
2130 10 0.151877
2140 10 0.153221
2150 10 0.153518
2160 10 0.154859
2170 10 0.1593
2180 10 0.160081
2190 10 0.161331
2200 10 0.175677
2210 10 0.159647
2220 10 0.160186
2230 10 0.160055
2240 10 0.165422
2250 10 0.167179
2260 10 0.163903
2270 10 0.164788
2280 10 0.164663
2290 10 0.164885
2300 10 0.16549
2310 10 0.168358
2320 10 0.169214
2330 10 0.169525
2340 10 0.169025
2350 10 0.170324
2360 10 0.1729
2370 10 0.172535
2380 10 0.173477
2390 10 0.175071
2400 10 0.176263
2410 10 0.178495
2420 10 0.177918
2430 10 0.177332
2440 10 0.178749
2450 10 0.179039
2460 10 0.180902
2470 10 0.179474
2480 10 0.183023
2490 10 0.183629
2500 10 0.184974
2510 10 0.184385
2520 10 0.186345
2530 10 0.185347
2540 10 0.188245
2550 10 0.196301
2560 10 0.193274
2570 10 0.189672
2580 10 0.191875
2590 10 0.192409
2600 10 0.1924
2610 10 0.190575
2620 10 0.190886
2630 10 0.193307
2640 10 0.193465
2650 10 0.195447
2660 10 0.195917
2670 10 0.195784
2680 10 0.202396
2690 10 0.20735
2700 10 0.199872
2710 10 0.200595
2720 10 0.200946
2730 10 0.203242
2740 10 0.202525
2750 10 0.201865
2760 10 0.20337
2770 10 0.206952
2780 10 0.205382
2790 10 0.207327
2800 10 0.207437
2810 10 0.207667
2820 10 0.209556
2830 10 0.210682
2840 10 0.208913
2850 10 0.212816
2860 10 0.213049
2870 10 0.213206
2880 10 0.212907
2890 10 0.213145
2900 10 0.215287
2910 10 0.21693
2920 10 0.2168
2930 10 0.218207
2940 10 0.217543
2950 10 0.219235
2960 10 0.220596
2970 10 0.219673
2980 10 0.220622
2990 10 0.221729
3000 10 0.224095
3010 10 0.222726
3020 10 0.221601
3030 10 0.224112
3040 10 0.225421
3050 10 0.227125
3060 10 0.227581
3070 10 0.228449
3080 10 0.230197
3090 10 0.22956
3100 10 0.228341
3110 10 0.231792
3120 10 0.229889
3130 10 0.233213
3140 10 0.233115
3150 10 0.242297
3160 10 0.23559
3170 10 0.236071
3180 10 0.239999
3190 10 0.237983
3200 10 0.241897
3210 10 0.238789
3220 10 0.241264
3230 10 0.242975
3240 10 0.244522
3250 10 0.247687
3260 10 0.244642
3270 10 0.246407
3280 10 0.246961
3290 10 0.248252
3300 10 0.250026
3310 10 0.251203
3320 10 0.248153
3330 10 0.249945
3340 10 0.253108
3350 10 0.250606
3360 10 0.254069
3370 10 0.25117
3380 10 0.253855
3390 10 0.254208
3400 10 0.255833
3410 10 0.257336
3420 10 0.258872
3430 10 0.260826
3440 10 0.258668
3450 10 0.260798
3460 10 0.263612
3470 10 0.261327
3480 10 0.268957
3490 10 0.266459
3500 10 0.262761
3510 10 0.261637
3520 10 0.265597
3530 10 0.268356
3540 10 0.266811
3550 10 0.270183
3560 10 0.269656
3570 10 0.271966
3580 10 0.27108
3590 10 0.271695
3600 10 0.273233
3610 10 0.271906
3620 10 0.272867
3630 10 0.275604
3640 10 0.27505
3650 10 0.277929
3660 10 0.278779
3670 10 0.280261
3680 10 0.279279
3690 10 0.282175
3700 10 0.282461
3710 10 0.286193
3720 10 0.284179
3730 10 0.281166
3740 10 0.283084
3750 10 0.285901
3760 10 0.288648
3770 10 0.283687
3780 10 0.284774
3790 10 0.286595
3800 10 0.289198
3810 10 0.288226
3820 10 0.291781
3830 10 0.289594
3840 10 0.291327
3850 10 0.293872
3860 10 0.293546
3870 10 0.295308
3880 10 0.295364
3890 10 0.297146
3900 10 0.293964
3910 10 0.296713
3920 10 0.298431
3930 10 0.298551
3940 10 0.299663
3950 10 0.300743
3960 10 0.300419
3970 10 0.301633
3980 10 0.303176
3990 10 0.305986
4000 10 0.308699
4010 10 0.314854
4020 10 0.319232
4030 10 0.307823
4040 10 0.310519
4050 10 0.314259
4060 10 0.314059
4070 10 0.316475
4080 10 0.318709
4090 10 0.320896
4100 10 0.316322
4110 10 0.31207
4120 10 0.318153
4130 10 0.320869
4140 10 0.318832
4150 10 0.323283
4160 10 0.326033
4170 10 0.337748
4180 10 0.339173
4190 10 0.329658
4200 10 0.344507
4210 10 0.357455
4220 10 0.353382
4230 10 0.353266
4240 10 0.356389
4250 10 0.359093
4260 10 0.352649
4270 10 0.36203
4280 10 0.337886
4290 10 0.356735
4300 10 0.346202
4310 10 0.353783
4320 10 0.339947
4330 10 0.341392
4340 10 0.340318
4350 10 0.346968
4360 10 0.351054
4370 10 0.35643
4380 10 0.364908
4390 10 0.352907
4400 10 0.362767
4410 10 0.364833
4420 10 0.354603
4430 10 0.330993
4440 10 0.328139
4450 10 0.332616
4460 10 0.332062
4470 10 0.33398
4480 10 0.336178
4490 10 0.336869
4500 10 0.353581
4510 10 0.365287
4520 10 0.365393
4530 10 0.368802
4540 10 0.3667
4550 10 0.369943
4560 10 0.369795
4570 10 0.35269
4580 10 0.34562
4590 10 0.344554
4600 10 0.349911
4610 10 0.355891
4620 10 0.359116
4630 10 0.369526
4640 10 0.370101
4650 10 0.392092
4660 10 0.389408
4670 10 0.394061
4680 10 0.397895
4690 10 0.393016
4700 10 0.394456
4710 10 0.378135
4720 10 0.372356
4730 10 0.374596
4740 10 0.377589
4750 10 0.3702
4760 10 0.373019
4770 10 0.38077
4780 10 0.399535
4790 10 0.406686
4800 10 0.426474
4810 10 0.433798
4820 10 0.413204
4830 10 0.399015
4840 10 0.379249
4850 10 0.384426
4860 10 0.408074
4870 10 0.397686
4880 10 0.40031
4890 10 0.407787
4900 10 0.426509
4910 10 0.440359
4920 10 0.424574
4930 10 0.407481
4940 10 0.409272
4950 10 0.410869
4960 10 0.413471
4970 10 0.386657
4980 10 0.389686
4990 10 0.40062
5000 10 0.400406
5010 10 0.403027
5020 10 0.405937
5030 10 0.407135
5040 10 0.406056
5050 10 0.404957
5060 10 0.424538
5070 10 0.41543
5080 10 0.416699
5090 10 0.4167
5100 10 0.415184
5110 10 0.420417
5120 10 0.442003
5130 10 0.424026
5140 10 0.429167
5150 10 0.423562
5160 10 0.415524
5170 10 0.421807
5180 10 0.43886
5190 10 0.418375
5200 10 0.413706
5210 10 0.414984
5220 10 0.416876
5230 10 0.420507
5240 10 0.420283
5250 10 0.425111
5260 10 0.422759
5270 10 0.453999
5280 10 0.451663
5290 10 0.451332
5300 10 0.453811
5310 10 0.459141
5320 10 0.46052
5330 10 0.446659
5340 10 0.433199
5350 10 0.429628
5360 10 0.429365
5370 10 0.438349
5380 10 0.43696
5390 10 0.459931
5400 10 0.458333
5410 10 0.46207
5420 10 0.462548
5430 10 0.468456
5440 10 0.443074
5450 10 0.438618
5460 10 0.43829
5470 10 0.446903
5480 10 0.427953
5490 10 0.431802
5500 10 0.489895
5510 10 0.485728
5520 10 0.509804
5530 10 0.481942
5540 10 0.480529
5550 10 0.472378
5560 10 0.462475
5570 10 0.472951
5580 10 0.459949
5590 10 0.454146
5600 10 0.501415
5610 10 0.461208
5620 10 0.463516
5630 10 0.452463
5640 10 0.465497
5650 10 0.46094
5660 10 0.451554
5670 10 0.461308
5680 10 0.458787
5690 10 0.459923
5700 10 0.464415
5710 10 0.463265
5720 10 0.460352
5730 10 0.464212
5740 10 0.465957
5750 10 0.467305
5760 10 0.468043
5770 10 0.467652
5780 10 0.467457
5790 10 0.466824
5800 10 0.468637
5810 10 0.484033
5820 10 0.488326
5830 10 0.496755
5840 10 0.505138
5850 10 0.506482
5860 10 0.506761
5870 10 0.496727
5880 10 0.47893
5890 10 0.485976
5900 10 0.557731
5910 10 0.497701
5920 10 0.480006
5930 10 0.483863
5940 10 0.482412
5950 10 0.482593
5960 10 0.487559
5970 10 0.482854
5980 10 0.528392
5990 10 0.55072
6000 10 0.528762
6010 10 0.531915
6020 10 0.526906
6030 10 0.516127
6040 10 0.545235
6050 10 0.488883
6060 10 0.501395
6070 10 0.485938
6080 10 0.499871
6090 10 0.490832
6100 10 0.493713
6110 10 0.51257
6120 10 0.509669
6130 10 0.530407
6140 10 0.551576
6150 10 0.543459
6160 10 0.540501
6170 10 0.540026
6180 10 0.519759
6190 10 0.508108
6200 10 0.514565
6210 10 0.520482
6220 10 0.50888
6230 10 0.539363
6240 10 0.559854
6250 10 0.553094
6260 10 0.553921
6270 10 0.555231
6280 10 0.54548
6290 10 0.51754
6300 10 0.536064
6310 10 0.526285
6320 10 0.519386
6330 10 0.556283
6340 10 0.555643
6350 10 0.563512
6360 10 0.56556
6370 10 0.572534
6380 10 0.536811
6390 10 0.510348
6400 10 0.520331
6410 10 0.521486
6420 10 0.519116
6430 10 0.522227
6440 10 0.528097
6450 10 0.527781
6460 10 0.524396
6470 10 0.526518
6480 10 0.528778
6490 10 0.538011
6500 10 0.527751
6510 10 0.523172
6520 10 0.528136
6530 10 0.53617
6540 10 0.548322
6550 10 0.534982
6560 10 0.552748
6570 10 0.575295
6580 10 0.577968
6590 10 0.589262
6600 10 0.591166
6610 10 0.573341
6620 10 0.549651
6630 10 0.52126
6640 10 0.538274
6650 10 0.547057
6660 10 0.54615
6670 10 0.566924
6680 10 0.558008
6690 10 0.56411
6700 10 0.555935
6710 10 0.573073
6720 10 0.567407
6730 10 0.593975
6740 10 0.569531
6750 10 0.592492
6760 10 0.606798
6770 10 0.615231
6780 10 0.602903
6790 10 0.608622
6800 10 0.580587
6810 10 0.559784
6820 10 0.573974
6830 10 0.565687
6840 10 0.570224
6850 10 0.573462
6860 10 0.572161
6870 10 0.579965
6880 10 0.575332
6890 10 0.601482
6900 10 0.601692
6910 10 0.607981
6920 10 0.60964
6930 10 0.585056
6940 10 0.569001
6950 10 0.57769
6960 10 0.579071
6970 10 0.571637
6980 10 0.623002
6990 10 0.611649
7000 10 0.625603
7010 10 0.62541
7020 10 0.581531
7030 10 0.573267
7040 10 0.584375
7050 10 0.608812
7060 10 0.601995
7070 10 0.622922
7080 10 0.622963
7090 10 0.626598
7100 10 0.624141
7110 10 0.603648
7120 10 0.586428
7130 10 0.572863
7140 10 0.560888
7150 10 0.600985
7160 10 0.619117
7170 10 0.626262
7180 10 0.609873
7190 10 0.593048
7200 10 0.580607
7210 10 0.584824
7220 10 0.571337
7230 10 0.580759
7240 10 0.646723
7250 10 0.645197
7260 10 0.644377
7270 10 0.625072
7280 10 0.607415
7290 10 0.599531
7300 10 0.601862
7310 10 0.62563
7320 10 0.607871
7330 10 0.573789
7340 10 0.581323
7350 10 0.606125
7360 10 0.611607
7370 10 0.662392
7380 10 0.627481
7390 10 0.625478
7400 10 0.604684
7410 10 0.581936
7420 10 0.577744
7430 10 0.614301
7440 10 0.625769
7450 10 0.584058
7460 10 0.594385
7470 10 0.593194
7480 10 0.599142
7490 10 0.687468
7500 10 0.635608
7510 10 0.638305
7520 10 0.634078
7530 10 0.581388
7540 10 0.585398
7550 10 0.591749
7560 10 0.628467
7570 10 0.628862
7580 10 0.647739
7590 10 0.645127
7600 10 0.64499
7610 10 0.615279
7620 10 0.596662
7630 10 0.593329
7640 10 0.612538
7650 10 0.638645
7660 10 0.605298
7670 10 0.592681
7680 10 0.661222
7690 10 0.614539
7700 10 0.652709
7710 10 0.653116
7720 10 0.685003
7730 10 0.647271
7740 10 0.599633
7750 10 0.60381
7760 10 0.605575
7770 10 0.623804
7780 10 0.674198
7790 10 0.727841
7800 10 0.663822
7810 10 0.70881
7820 10 0.646492
7830 10 0.630994
7840 10 0.612923
7850 10 0.616927
7860 10 0.663083
7870 10 0.670121
7880 10 0.67414
7890 10 0.664365
7900 10 0.60941
7910 10 0.615722
7920 10 0.615253
7930 10 0.612935
7940 10 0.617429
7950 10 0.618482
7960 10 0.624226
7970 10 0.619991
7980 10 0.668971
7990 10 0.677008
8000 10 0.670682
8010 10 0.678317
8020 10 0.633516
8030 10 0.61611
8040 10 0.62093
8050 10 0.621228
8060 10 0.675884
8070 10 0.684738
8080 10 0.686064
8090 10 0.682985
8100 10 0.633055
8110 10 0.632308
8120 10 0.651403
8130 10 0.687021
8140 10 0.630996
8150 10 0.64239
8160 10 0.633497
8170 10 0.663699
8180 10 0.634439
8190 10 0.629553
8200 10 0.62769
8210 10 0.640012
8220 10 0.69864
8230 10 0.668354
8240 10 0.662786
8250 10 0.638971
8260 10 0.63935
8270 10 0.641337
8280 10 0.658585
8290 10 0.65971
8300 10 0.656081
8310 10 0.644704
8320 10 0.655813
8330 10 0.672059
8340 10 0.648375
8350 10 0.647823
8360 10 0.673525
8370 10 0.709983
8380 10 0.71299
8390 10 0.713485
8400 10 0.685784
8410 10 0.650096
8420 10 0.660399
8430 10 0.659456
8440 10 0.71375
8450 10 0.721629
8460 10 0.737558
8470 10 0.719152
8480 10 0.655732
8490 10 0.656779
8500 10 0.659711
8510 10 0.663642
8520 10 0.741387
8530 10 0.731119
8540 10 0.73205
8550 10 0.682434
8560 10 0.691578
8570 10 0.677424
8580 10 0.67704
8590 10 0.733615
8600 10 0.795695
8610 10 0.75242
8620 10 0.746428
8630 10 0.705976
8640 10 0.674845
8650 10 0.675671
8660 10 0.693788
8670 10 0.743216
8680 10 0.747406
8690 10 0.746626
8700 10 0.716352
8710 10 0.686314
8720 10 0.722488
8730 10 0.69139
8740 10 0.750987
8750 10 0.749999
8760 10 0.755277
8770 10 0.748855
8780 10 0.709947
8790 10 0.693283
8800 10 0.696287
8810 10 0.699204
8820 10 0.694697
8830 10 0.758525
8840 10 0.708042
8850 10 0.756499
8860 10 0.764922
8870 10 0.77834
8880 10 0.72476
8890 10 0.707867
8900 10 0.711378
8910 10 0.734036
8920 10 0.775107
8930 10 0.779042
8940 10 0.769433
8950 10 0.731883
8960 10 0.698965
8970 10 0.699337
8980 10 0.713732
8990 10 0.769282
9000 10 0.775755
9010 10 0.776041
9020 10 0.753888
9030 10 0.724662
9040 10 0.745925
9050 10 0.722128
9060 10 0.722824
9070 10 0.72548
9080 10 0.744745
9090 10 0.720318
9100 10 0.721706
9110 10 0.738761
9120 10 0.779031
9130 10 0.784773
9140 10 0.792643
9150 10 0.791045
9160 10 0.777096
9170 10 0.732626
9180 10 0.730619
9190 10 0.766127
9200 10 0.730585
9210 10 0.736202
9220 10 0.781638
9230 10 0.767561
9240 10 0.797245
9250 10 0.832289
9260 10 0.740003
9270 10 0.74515
9280 10 0.741184
9290 10 0.743945
9300 10 0.805966
9310 10 0.813221
9320 10 0.809476
9330 10 0.767046
9340 10 0.762495
9350 10 0.82338
9360 10 0.746655
9370 10 0.819128
9380 10 0.743964
9390 10 0.760899
9400 10 0.815755
9410 10 0.81919
9420 10 0.83897
9430 10 0.744334
9440 10 0.748208
9450 10 0.802797
9460 10 0.796411
9470 10 0.824309
9480 10 0.838414
9490 10 0.808375
9500 10 0.761104
9510 10 0.757984
9520 10 0.762175
9530 10 0.779194
9540 10 0.812301
9550 10 0.762252
9560 10 0.794858
9570 10 0.832739
9580 10 0.831298
9590 10 0.893914
9600 10 0.767957
9610 10 0.821702
9620 10 0.76634
9630 10 0.848902
9640 10 0.855054
9650 10 0.850403
9660 10 0.775948
9670 10 0.78533810 10 0.00168869
110 10 0.014064
210 10 0.0217984
310 10 0.0269175
410 10 0.0286679
510 10 0.0311912
610 10 0.038124
710 10 0.0451366
810 10 0.0514921
910 10 0.0575481
1010 10 0.0642821
1110 10 0.0725381
1210 10 0.0797817
1310 10 0.0861486
1410 10 0.0925051
1510 10 0.100908
1610 10 0.106847
1710 10 0.114347
1810 10 0.121352
1910 10 0.12803
2010 10 0.134398
2110 10 0.143459
2210 10 0.150313
2310 10 0.15894
2410 10 0.169339
2510 10 0.173191
2610 10 0.180792
2710 10 0.187824
2810 10 0.196688
2910 10 0.205733
3010 10 0.211606
3110 10 0.218724
3210 10 0.23061
3310 10 0.232295
3410 10 0.243195
3510 10 0.247089
3610 10 0.254166
3710 10 0.262641
3810 10 0.271185
3910 10 0.275805
4010 10 0.283741
4110 10 0.291496
4210 10 0.298028
4310 10 0.307216
4410 10 0.316674
4510 10 0.325822
4610 10 0.332718
4710 10 0.340008
4810 10 0.346455
4910 10 0.351778
5010 10 0.36236
5110 10 0.370755
5210 10 0.376222
5310 10 0.38479
5410 10 0.392505
5510 10 0.403181
5610 10 0.406388
5710 10 0.412592
5810 10 0.421158
5910 10 0.430594
6010 10 0.438632
6110 10 0.443127
6210 10 0.455852
6310 10 0.461103
6410 10 0.469255
6510 10 0.478322
6610 10 0.545523
6710 10 0.487619
6810 10 0.49891
6910 10 0.503723
7010 10 0.508849
7110 10 0.520157
7210 10 0.529433
7310 10 0.537108
7410 10 0.545006
7510 10 0.551291
7610 10 0.558918
7710 10 0.563085
7810 10 0.569998
7910 10 0.579072
8010 10 0.587733
8110 10 0.596305
8210 10 0.602504
8310 10 0.609807
8410 10 0.623061
8510 10 0.633353
8610 10 0.64118
8710 10 0.649468
8810 10 0.655637
8910 10 0.659932
9010 10 0.674228
9110 10 0.684388
9210 10 0.695333
9310 10 0.699864
9410 10 0.706278
9510 10 0.717948
9610 10 0.72275
9710 10 0.732608
9810 10 0.74081
9910 10 0.748687
10010 10 0.758841
10110 10 0.761893
10210 10 0.769823
10310 10 0.781331
10410 10 0.788036
10510 10 0.850268
10610 10 0.808344
10710 10 0.810158
10810 10 0.825762
10910 10 0.836691
11010 10 0.838281
11110 10 0.85027
11210 10 0.856395
11310 10 0.86542
11410 10 0.874275
11510 10 0.876237
11610 10 0.888035
11710 10 0.893426
11810 10 0.90307
11910 10 0.917618
12010 10 0.914078
12110 10 0.939709
12210 10 0.934763
12310 10 0.945153
12410 10 0.950313
12510 10 0.962399
12610 10 0.963217
12710 10 0.975181
12810 10 0.982808
12910 10 0.990458
13010 10 1.004
13110 10 1.00527
13210 10 1.01804
13310 10 1.02345
13410 10 1.03216
13510 10 1.0451
13610 10 1.1148
13710 10 1.17258
13810 10 1.18179
13910 10 1.0755
14010 10 1.08467
14110 10 1.08702
14210 10 1.10073
14310 10 1.10774
14410 10 1.11482
14510 10 1.12273
14610 10 1.12986
14710 10 1.13553
14810 10 1.2045
14910 10 1.28522
15010 10 1.2547
15110 10 1.16943
15210 10 1.212
15310 10 1.18794
15410 10 1.19024
15510 10 1.32302
15610 10 1.34119
15710 10 1.2259
15810 10 1.22474
15910 10 1.24136
16010 10 1.24171
16110 10 1.25367
16210 10 1.26498
16310 10 1.29478
16410 10 1.41378
16510 10 1.37378
16610 10 1.30356
16710 10 1.31608
16810 10 1.31633
16910 10 1.36503
17010 10 1.47864
17110 10 1.41924
17210 10 1.35748
17310 10 1.35943
17410 10 1.37536
17510 10 1.38252
17610 10 1.39378
17710 10 1.48722
17810 10 1.55788
17910 10 1.42142
18010 10 1.43032
18110 10 1.43781
18210 10 1.45069
18310 10 1.45576
18410 10 1.46171
18510 10 1.46749
18610 10 1.47664
18710 10 1.49632
18810 10 1.50421
18910 10 1.49823
19010 10 1.51879
19110 10 1.52859
19210 10 1.67833
19310 10 1.7042
19410 10 1.54265
19510 10 1.61239
19610 10 1.74602
19710 10 1.59281
19810 10 1.58434
19910 10 1.59784
20010 10 1.59999
20110 10 1.60461
20210 10 1.63763
20310 10 1.64363
20410 10 1.62924
20510 10 1.64061
20610 10 1.68423
20710 10 1.81879
20810 10 1.83108
20910 10 1.68101
21010 10 1.68512
21110 10 1.69662
21210 10 1.89761
21310 10 1.80601
21410 10 1.72879
21510 10 1.72686
21610 10 1.74328
21710 10 1.7536
21810 10 1.93038
21910 10 1.90641
22010 10 1.77462
22110 10 1.97585
22210 10 1.9119
22310 10 1.80593
22410 10 1.81079
22510 10 1.90337
22610 10 2.03654
22710 10 1.84254
22810 10 1.98278
22910 10 2.03543
23010 10 1.86977
23110 10 2.05415
23210 10 2.01176
23310 10 1.89656
23410 10 1.9099
23510 10 1.93873
23610 10 1.93311
23710 10 1.94027
23810 10 1.93968
23910 10 1.95966
24010 10 1.96591
24110 10 1.9643
24210 10 2.08573
24310 10 2.17243
24410 10 2.01162
24510 10 2.21494
24610 10 2.11343
24710 10 2.04966
24810 10 2.24773
24910 10 2.03911
25010 10 2.20031
25110 10 2.19402
25210 10 2.08181
25310 10 2.31213
25410 10 2.09764
25510 10 2.24453
25610 10 2.23417
25710 10 2.12958
25810 10 2.35063
25910 10 2.16116
26010 10 2.34166
26110 10 2.25965
26210 10 2.19435
26310 10 2.3977
26410 10 2.17785
26510 10 2.19
26610 10 2.21451
26710 10 2.21352
26810 10 2.21612
26910 10 2.2251
27010 10 2.25691
27110 10 2.24326
27210 10 2.27879
27310 10 2.26491
27410 10 2.31649
27510 10 2.28168
27610 10 2.29659
27710 10 2.33967
27810 10 2.29894
27910 10 2.31224
28010 10 2.31295
28110 10 2.37589
28210 10 2.33832
28310 10 2.34694
28410 10 2.47127
28510 10 2.54183
28610 10 2.40952
28710 10 2.37936
28810 10 2.67213
28910 10 2.43029
29010 10 2.41532
29110 10 2.63712
29210 10 2.48089
29310 10 2.63686
29410 10 2.54552
29510 10 2.56315
29610 10 2.6272
29710 10 2.55634
29810 10 2.69028
29910 10 2.48978
30010 10 2.53506
30110 10 2.51223
30210 10 2.80521
30310 10 2.52242
30410 10 2.55548
30510 10 2.54925
30610 10 2.57966
30710 10 2.56151
30810 10 2.77936
30910 10 2.67658
31010 10 2.74845
31110 10 2.71472
31210 10 2.60074
31310 10 2.63703
31410 10 2.64727
31510 10 2.76597
31610 10 2.81177
31710 10 2.79108
31810 10 2.8186
31910 10 2.68137
32010 10 2.72615
32110 10 2.68679
32210 10 2.79459
32310 10 2.87143
32410 10 2.71431
32510 10 2.71665
32610 10 2.84867
32710 10 2.90374
32810 10 2.88382
32910 10 2.9358
33010 10 2.80448
33110 10 2.95164
33210 10 2.92689
33310 10 3.02878
33410 10 2.89151
33510 10 3.09516
33610 10 2.84908
33710 10 3.15561
33810 10 2.85466
33910 10 2.86469
34010 10 2.90353
34110 10 3.14741
34210 10 2.89485
34310 10 2.94173
34410 10 3.02751
34510 10 3.109
34610 10 3.13021
34710 10 3.05449
34810 10 3.24834
34910 10 3.00319
35010 10 3.29143
35110 10 3.03235
35210 10 3.07136
35310 10 3.20928
35410 10 3.0292
35510 10 3.28056
35610 10 3.05822
35710 10 3.37429
35810 10 3.07648
35910 10 3.08173
36010 10 3.10396
36110 10 3.10818
36210 10 3.14423
36310 10 3.35085
36410 10 3.14709
36510 10 3.50088
36610 10 3.17913
36710 10 3.39667
36810 10 3.34197
36910 10 3.24451
37010 10 3.17616
37110 10 3.26275
37210 10 3.25855
37310 10 3.25071
37410 10 3.26699
37510 10 3.21976
37610 10 3.58113
37710 10 3.27973
37810 10 3.26011
37910 10 3.28154
38010 10 3.29778
38110 10 3.2848
38210 10 3.36466
38310 10 3.32849
38410 10 3.30157
38510 10 3.43017
38610 10 3.31893
38710 10 3.38816
38810 10 3.40361
38910 10 3.39912
39010 10 3.375
39110 10 3.44089
39210 10 3.38355
39310 10 3.40757
39410 10 3.45204
39510 10 3.42487
39610 10 3.81463
39710 10 3.49232
39810 10 3.44855
39910 10 3.53064
40010 10 3.45306
40110 10 3.5563
40210 10 3.68864
40310 10 3.54548
40410 10 3.53945
40510 10 3.53808
40610 10 3.56772
40710 10 3.53553
40810 10 3.55957
40910 10 3.57561
41010 10 3.82365
41110 10 3.60167
41210 10 3.63627
41310 10 3.85106
41410 10 3.65959
41510 10 3.65735
41610 10 3.917
41710 10 3.66843
41810 10 3.80945
41910 10 3.79371
42010 10 4.07146
42110 10 3.73135
42210 10 3.71418
42310 10 4.05029
42410 10 3.71643
42510 10 3.79646
42610 10 3.75625
42710 10 3.76642
42810 10 3.74729
42910 10 3.8977
43010 10 3.91514
43110 10 4.19758
43210 10 3.87289
43310 10 3.78121
43410 10 3.93236
43510 10 4.00838
43610 10 4.24055
43710 10 3.89872
43810 10 3.84865
43910 10 3.98234
44010 10 4.00157
44110 10 3.88973
44210 10 3.9273
44310 10 3.93724
44410 10 3.98698
44510 10 3.98228
44610 10 4.01595
44710 10 4.14805
44810 10 3.96568
44910 10 4.1528
45010 10 4.10387
45110 10 4.02763
45210 10 4.03948
45310 10 4.10356
45410 10 4.18908
45510 10 4.09076
45610 10 3.9848
45710 10 4.51151
45810 10 4.08365
45910 10 4.13692
46010 10 4.10734
46110 10 4.11234
46210 10 4.28979
46310 10 4.16734
46410 10 4.37797
46510 10 4.20048
46610 10 4.40734
46710 10 4.1836
46810 10 4.19266
46910 10 4.21181
47010 10 4.2224
47110 10 4.2144
47210 10 4.3016
47310 10 4.23786
47410 10 4.33277
47510 10 4.33515
47610 10 4.3116
47710 10 4.33815
47810 10 4.33316
47910 10 4.31522
48010 10 4.33791
48110 10 4.33103
48210 10 4.37757
10 10 0.00166008
110 10 0.0131873
210 10 0.0198877
310 10 0.0199344
410 10 0.0330183
510 10 0.0350577
610 10 0.0430754
710 10 0.0508045
810 10 0.0577939
910 10 0.0638127
1010 10 0.0715266
1110 10 0.081178
1210 10 0.0892695
1310 10 0.0944816
1410 10 0.101803
1510 10 0.108427
1610 10 0.116127
1710 10 0.125018
1810 10 0.128613
1910 10 0.136251
2010 10 0.143877
2110 10 0.151722
2210 10 0.161279
2310 10 0.169472
2410 10 0.177838
2510 10 0.184451
2610 10 0.193399
2710 10 0.199818
2810 10 0.209637
2910 10 0.216823
3010 10 0.224589
3110 10 0.232034
3210 10 0.239566
3310 10 0.247727
3410 10 0.255676
3510 10 0.261917
3610 10 0.270336
3710 10 0.277108
3810 10 0.285666
3910 10 0.290828
4010 10 0.299897
4110 10 0.306871
4210 10 0.316355
4310 10 0.328269
4410 10 0.338152
4510 10 0.342056
4610 10 0.35429
4710 10 0.358071
4810 10 0.370507
4910 10 0.376643
5010 10 0.386345
5110 10 0.392568
5210 10 0.400544
5310 10 0.409821
5410 10 0.414962
5510 10 0.424851
5610 10 0.434554
5710 10 0.440406
5810 10 0.451363
5910 10 0.460467
6010 10 0.464405
6110 10 0.472049
6210 10 0.478409
6310 10 0.489301
6410 10 0.497661
6510 10 0.506309
6610 10 0.512232
6710 10 0.523029
6810 10 0.528763
6910 10 0.540316
7010 10 0.544362
7110 10 0.554247
7210 10 0.567871
7310 10 0.566143
7410 10 0.576129
7510 10 0.584557
7610 10 0.594519
7710 10 0.597008
7810 10 0.612144
7910 10 0.616451
8010 10 0.623338
8110 10 0.637688
8210 10 0.639492
8310 10 0.651573
8410 10 0.661078
8510 10 0.672455
8610 10 0.679464
8710 10 0.689454
8810 10 0.698616
8910 10 0.709972
9010 10 0.718551
9110 10 0.724862
9210 10 0.736005
9310 10 0.741973
9410 10 0.756331
9510 10 0.769712
9610 10 0.783736
9710 10 0.78369
9810 10 0.805385
9910 10 0.810228
10 10 0.00252051
110 10 0.0172338
210 10 0.0276557
310 10 0.0372926
410 10 0.0487503
510 10 0.0601583
610 10 0.0770235
710 10 0.0866961
810 10 0.101129
910 10 0.112824
1010 10 0.170098
1110 10 0.142011
1210 10 0.154203
1310 10 0.169383
1410 10 0.183579
1510 10 0.196324
1610 10 0.209637
1710 10 0.222868
1810 10 0.23895
1910 10 0.252656
2010 10 0.263754
2110 10 0.281229
2210 10 0.2923
2310 10 0.30852
2410 10 0.323381
2510 10 0.336462
2610 10 0.350105
2710 10 0.36566
2810 10 0.37938
2910 10 0.392553
3010 10 0.407068
3110 10 0.420463
3210 10 0.438281
3310 10 0.452215
3410 10 0.46993
3510 10 0.499097
3610 10 0.494398
3710 10 0.507386
3810 10 0.519621
3910 10 0.535411
4010 10 0.547444
4110 10 0.558338
4210 10 0.57597
4310 10 0.595563
4410 10 0.614675
4510 10 0.627823
4610 10 0.644938
4710 10 0.66215
4810 10 0.67391
4910 10 0.6855
5010 10 0.703855
5110 10 0.720298
5210 10 0.727023
5310 10 0.741795
5410 10 0.762263
5510 10 0.776218
5610 10 0.792227
5710 10 0.81139
5810 10 0.820358
5910 10 0.839423
6010 10 0.854412
6110 10 0.869049
6210 10 0.882994
6310 10 0.901278
6410 10 0.911715
6510 10 0.932835
6610 10 0.946285
6710 10 0.958899
6810 10 0.974075
6910 10 0.990457
7010 10 0.999947
7110 10 1.0178
7210 10 1.03078
7310 10 1.04444
7410 10 1.06374
7510 10 1.0777
7610 10 1.09055
7710 10 1.10438
7810 10 1.12511
7910 10 1.1392
8010 10 1.14391
8110 10 1.17273
8210 10 1.17728
8310 10 1.19003
8410 10 1.20914
8510 10 1.22732
8610 10 1.24817
8710 10 1.27264
8810 10 1.27585
8910 10 1.30439
9010 10 1.32
9110 10 1.33225
9210 10 1.35467
9310 10 1.37058
9410 10 1.38389
9510 10 1.40559
9610 10 1.42048
9710 10 1.43766
9810 10 1.45195
9910 10 1.4641
10 10 0.003801
110 10 0.037363
210 10 0.0473393
310 10 0.0557719
410 10 0.0709681
510 10 0.0878036
610 10 0.108256
710 10 0.127922
810 10 0.147455
910 10 0.169492
1010 10 0.184837
1110 10 0.209094
1210 10 0.228201
1310 10 0.248205
1410 10 0.269071
1510 10 0.287383
1610 10 0.312259
1710 10 0.329816
1810 10 0.34688
1910 10 0.368844
2010 10 0.386532
2110 10 0.44282
2210 10 0.431682
2310 10 0.456538
2410 10 0.481624
2510 10 0.503733
2610 10 0.526758
2710 10 0.54702
2810 10 0.569912
2910 10 0.588675
3010 10 0.611638
3110 10 0.622564
3210 10 0.644345
3310 10 0.671907
3410 10 0.689635
3510 10 0.707958
3610 10 0.787864
3710 10 0.753588
3810 10 0.775861
3910 10 0.797378
4010 10 0.819988
4110 10 0.826233
4210 10 0.865827
4310 10 0.884264
4410 10 0.911881
4510 10 0.935358
4610 10 0.960683
4710 10 0.968059
4810 10 0.999083
4910 10 1.02403
5010 10 1.04402
5110 10 1.07169
5210 10 1.09112
5310 10 1.10324
5410 10 1.14451
5510 10 1.15265
5610 10 1.17717
5710 10 1.20006
5810 10 1.22559
5910 10 1.25016
6010 10 1.27716
6110 10 1.29235
6210 10 1.30593
6310 10 1.34426
6410 10 1.37059
6510 10 1.38183
6610 10 1.40408
6710 10 1.43817
6810 10 1.45642
6910 10 1.46906
7010 10 1.49193
7110 10 1.51486
7210 10 1.53611
7310 10 1.54936
7410 10 1.58595
7510 10 1.60512
7610 10 1.61979
7710 10 1.65256
7810 10 1.66202
7910 10 1.69284
8010 10 1.7123
8110 10 1.71719
8210 10 1.75714
8310 10 1.7752
8410 10 1.79614
8510 10 1.84642
8610 10 1.86263
8710 10 1.89052
8810 10 1.91842
8910 10 1.94331
9010 10 2.16042
9110 10 2.11101
9210 10 2.01894
9310 10 2.03315
9410 10 2.0679
9510 10 2.08289
9610 10 2.1089
9710 10 2.13064
9810 10 2.38766
9910 10 2.2755
10 10 0.00340944
110 10 0.0180325
210 10 0.0351669
310 10 0.0535558
410 10 0.0709047
510 10 0.0888021
610 10 0.108662
710 10 0.12728
810 10 0.146415
910 10 0.16498
1010 10 0.184073
1110 10 0.206372
1210 10 0.22601
1310 10 0.246057
1410 10 0.266057
1510 10 0.286566
1610 10 0.308571
1710 10 0.329983
1810 10 0.350222
1910 10 0.369053
2010 10 0.390317
2110 10 0.415488
2210 10 0.432464
2310 10 0.452093
2410 10 0.476181
2510 10 0.494554
2610 10 0.516401
2710 10 0.538158
2810 10 0.562844
2910 10 0.583272
3010 10 0.598038
3110 10 0.62859
3210 10 0.646031
3310 10 0.665542
3410 10 0.686405
3510 10 0.706155
3610 10 0.730557
3710 10 0.744523
3810 10 0.7675
3910 10 0.782758
4010 10 0.809176
4110 10 0.82728
4210 10 0.856438
4310 10 0.878539
4410 10 0.913654
4510 10 0.941365
4610 10 0.962225
4710 10 0.979963
4810 10 0.998142
4910 10 1.02699
5010 10 1.03575
5110 10 1.0586
5210 10 1.09197
5310 10 1.11179
5410 10 1.1368
5510 10 1.15385
5610 10 1.17816
5710 10 1.20048
5810 10 1.21949
5910 10 1.25285
6010 10 1.27726
6110 10 1.30048
6210 10 1.324
6310 10 1.34518
6410 10 1.35555
6510 10 1.37323
6610 10 1.40172
6710 10 1.42466
6810 10 1.43322
6910 10 1.46379
7010 10 1.48666
7110 10 1.50206
7210 10 1.54325
7310 10 1.5562
7410 10 1.57926
7510 10 1.60872
7610 10 1.62297
7710 10 1.64568
7810 10 1.66901
7910 10 1.68254
8010 10 1.69949
8110 10 1.72653
8210 10 1.7635
8310 10 1.76633
8410 10 1.80982
8510 10 1.82661
8610 10 1.85189
8710 10 1.87864
8810 10 1.90836
8910 10 2.08419
9010 10 2.13861
9110 10 1.98819
9210 10 2.01009
9310 10 2.04363
9410 10 2.21786
9510 10 2.26388
9610 10 2.10562
9710 10 2.25819
9810 10 2.37012
9910 10 2.16868
10 10 0.00503634
110 10 0.0418637
210 10 0.0621239
310 10 0.0726959
410 10 0.0949966
510 10 0.11876
610 10 0.14493
710 10 0.171296
810 10 0.194764
910 10 0.21933
1010 10 0.246815
1110 10 0.273538
1210 10 0.30073
1310 10 0.327826
1410 10 0.35018
1510 10 0.380548
1610 10 0.408334
1710 10 0.43371
1810 10 0.461397
1910 10 0.489438
2010 10 0.513895
2110 10 0.541512
2210 10 0.574205
2310 10 0.598531
2410 10 0.635325
2510 10 0.654136
2610 10 0.686814
2710 10 0.710272
2810 10 0.741054
2910 10 0.767533
3010 10 0.802117
3110 10 0.824161
3210 10 0.847554
3310 10 0.880885
3410 10 0.912198
3510 10 0.938882
3610 10 0.964087
3710 10 0.992155
3810 10 1.012
3910 10 1.05186
4010 10 1.07108
4110 10 1.09609
4210 10 1.14187
4310 10 1.17277
4410 10 1.20707
4510 10 1.23852
4610 10 1.26943
4710 10 1.29057
4810 10 1.32809
4910 10 1.3578
5010 10 1.36963
5110 10 1.41642
5210 10 1.4447
5310 10 1.47632
5410 10 1.50508
5510 10 1.5405
5610 10 1.56263
5710 10 1.59224
5810 10 1.62918
5910 10 1.65353
6010 10 1.66526
6110 10 1.70205
6210 10 1.73168
6310 10 1.76391
6410 10 1.77276
6510 10 1.82108
6610 10 1.85787
6710 10 1.90182
6810 10 1.91545
6910 10 1.96021
7010 10 1.97165
7110 10 2.00071
7210 10 2.03594
7310 10 2.06016
7410 10 2.08886
7510 10 2.114
7610 10 2.14616
7710 10 2.17755
7810 10 2.20329
7910 10 2.23182
8010 10 2.26631
8110 10 2.28035
8210 10 2.30818
8310 10 2.36505
8410 10 2.40156
8510 10 2.43423
8610 10 2.46444
8710 10 2.5153
8810 10 2.53652
8910 10 2.55997
9010 10 2.59589
9110 10 2.81209
9210 10 2.84562
9310 10 2.69334
9410 10 3.00052
9510 10 2.82041
9610 10 2.92565
9710 10 3.03222
9810 10 2.85001
9910 10 3.19175
10 10 0.00666565
110 10 0.0261721
210 10 0.0496237
310 10 0.0721601
410 10 0.0985643
510 10 0.133596
610 10 0.146104
710 10 0.170554
810 10 0.197634
910 10 0.219349
1010 10 0.248775
1110 10 0.281215
1210 10 0.307014
1310 10 0.33432
1410 10 0.362461
1510 10 0.391669
1610 10 0.41357
1710 10 0.446476
1810 10 0.473683
1910 10 0.498766
2010 10 0.520925
2110 10 0.55257
2210 10 0.587995
2310 10 0.608799
2410 10 0.641987
2510 10 0.673111
2610 10 0.704309
2710 10 0.736142
2810 10 0.772063
2910 10 0.811216
3010 10 0.853601
3110 10 0.860534
3210 10 0.921037
3310 10 0.96898
3410 10 0.953805
3510 10 0.971783
3610 10 0.981831
3710 10 0.999695
3810 10 1.04364
3910 10 1.09065
4010 10 1.11299
4110 10 1.17122
4210 10 1.27597
4310 10 1.29669
4410 10 1.32591
4510 10 1.27346
4610 10 1.31991
4710 10 1.40327
4810 10 1.4869
4910 10 1.52387
5010 10 1.44617
5110 10 1.53409
5210 10 1.59906
5310 10 1.71116
5410 10 1.69293
5510 10 1.70894
5610 10 1.72631
5710 10 1.78242
5810 10 2.91652
5910 10 2.7774
6010 10 1.76922
6110 10 1.81613
6210 10 1.81356
6310 10 1.85951
6410 10 1.88395
6510 10 2.10522
6610 10 2.22205
6710 10 2.09192
6810 10 2.14556
6910 10 2.2759
7010 10 2.11219
7110 10 2.11741
7210 10 2.34097
7310 10 2.22176
7410 10 2.15683
7510 10 2.3299
7610 10 2.41418
7710 10 2.23633
7810 10 2.42854
7910 10 2.45897
8010 10 2.35197
8110 10 2.36265
8210 10 2.40434
8310 10 2.42809
8410 10 2.47786
8510 10 2.47884
8610 10 2.53595
8710 10 2.55919
8810 10 2.69698
8910 10 2.88055
9010 10 2.73215
9110 10 2.90067
9210 10 2.86599
9310 10 2.76915
9410 10 2.8043
9510 10 2.83108
9610 10 2.87448
9710 10 2.88196
9810 10 2.92424
9910 10 3.01047
10 10 0.00385111
110 10 0.0366561
210 10 0.05732
310 10 0.0715351
410 10 0.0953951
510 10 0.120495
610 10 0.149506
710 10 0.209652
810 10 0.20091
910 10 0.262223
1010 10 0.249512
1110 10 0.279269
1210 10 0.307886
1310 10 0.331155
1410 10 0.363915
1510 10 0.387502
1610 10 0.41425
1710 10 0.443523
1810 10 0.472274
1910 10 0.498392
2010 10 0.52227
2110 10 0.555696
2210 10 0.590097
2310 10 0.619448
2410 10 0.71014
2510 10 0.675057
2610 10 0.704882
2710 10 0.733
2810 10 0.763979
2910 10 0.792508
3010 10 0.811811
3110 10 0.845364
3210 10 0.883996
3310 10 0.904167
3410 10 0.93846
3510 10 0.963526
3610 10 0.997496
3710 10 1.01892
3810 10 1.0482
3910 10 1.08298
4010 10 1.10647
4110 10 1.12824
4210 10 1.16799
4310 10 1.19784
4410 10 1.24346
4510 10 1.27647
4610 10 1.30228
4710 10 1.33461
4810 10 1.36464
4910 10 1.39034
5010 10 1.42299
5110 10 1.46226
5210 10 1.49234
5310 10 1.56044
5410 10 1.54757
5510 10 1.57083
5610 10 1.59497
5710 10 1.6247
5810 10 1.66961
5910 10 1.69504
6010 10 1.72217
6110 10 1.8322
6210 10 1.78453
6310 10 1.81216
6410 10 1.84025
6510 10 1.88408
6610 10 1.91605
6710 10 1.93971
6810 10 1.96511
6910 10 1.99197
7010 10 2.02776
7110 10 2.0562
7210 10 2.07955
7310 10 2.17759
7410 10 2.13891
7510 10 2.17169
7610 10 2.20028
7710 10 2.22772
7810 10 2.30798
7910 10 2.29639
8010 10 2.31456
8110 10 2.35441
8210 10 2.38781
8310 10 2.42446
8410 10 2.45219
8510 10 2.48627
8610 10 2.53562
8710 10 2.58279
8810 10 2.61699
8910 10 2.63704
9010 10 2.75191
9110 10 2.77884
9210 10 2.8421
9310 10 2.78184
9410 10 2.82154
9510 10 2.83036
9610 10 2.917
9710 10 3.00475
9810 10 3.17206
9910 10 3.20486
10 10 0.00536844
110 10 0.053414
210 10 0.0772518
310 10 0.0914434
410 10 0.121747
510 10 0.147697
610 10 0.184556
710 10 0.212426
810 10 0.249328
910 10 0.28007
1010 10 0.312038
1110 10 0.348154
1210 10 0.379682
1310 10 0.414015
1410 10 0.447453
1510 10 0.48249
1610 10 0.517201
1710 10 0.556251
1810 10 0.596068
1910 10 0.634695
2010 10 0.673961
2110 10 0.700876
2210 10 0.748792
2310 10 0.784712
2410 10 0.822752
2510 10 0.858414
2610 10 0.891256
2710 10 0.928528
2810 10 0.955465
2910 10 0.985703
3010 10 1.0258
3110 10 1.06253
3210 10 1.09478
3310 10 1.14089
3410 10 1.17094
3510 10 1.21437
3610 10 1.24075
3710 10 1.27253
3810 10 1.3044
3910 10 1.33889
4010 10 1.36747
4110 10 1.43254
4210 10 1.4749
4310 10 1.50486
4410 10 1.55091
4510 10 1.58696
4610 10 1.64442
4710 10 1.66483
4810 10 1.71069
4910 10 1.7429
5010 10 1.78481
5110 10 1.8216
5210 10 1.86642
5310 10 1.89257
5410 10 1.93931
5510 10 1.97101
5610 10 2.03454
5710 10 2.04187
5810 10 2.07871
5910 10 2.11201
6010 10 2.15864
6110 10 2.20128
6210 10 2.22596
6310 10 2.30984
6410 10 2.31539
6510 10 2.35513
6610 10 2.39659
6710 10 2.42072
6810 10 2.5458
6910 10 2.56219
7010 10 2.66252
7110 10 3.00909
7210 10 4.98615
7310 10 2.75772
7410 10 2.93381
7510 10 2.88568
7610 10 2.88607
7710 10 3.02734
7810 10 3.17504
7910 10 3.01983
8010 10 3.17816
8110 10 3.13263
8210 10 3.11662
8310 10 3.31403
8410 10 3.17393
8510 10 3.53321
8610 10 3.27627
8710 10 3.44125
8810 10 3.43101
8910 10 3.50089
9010 10 3.59243
9110 10 3.55881
9210 10 3.66283
9310 10 3.74506
9410 10 3.9652
9510 10 3.76266
9610 10 3.83706
9710 10 3.84434
9810 10 3.88567
9910 10 4.06254
10 10 0.00503693
110 10 0.0432367
210 10 0.0643189
310 10 0.0949293
410 10 0.119883
510 10 0.149433
610 10 0.184839
710 10 0.215897
810 10 0.262787
910 10 0.284287
1010 10 0.310953
1110 10 0.350409
1210 10 0.383137
1310 10 0.416983
1410 10 0.449409
1510 10 0.483902
1610 10 0.520859
1710 10 0.558219
1810 10 0.587071
1910 10 0.622934
2010 10 0.655387
2110 10 0.692439
2210 10 0.728917
2310 10 0.77067
2410 10 0.807192
2510 10 0.841293
2610 10 0.87885
2710 10 0.915098
2810 10 0.954473
2910 10 0.989221
3010 10 1.02195
3110 10 1.06573
3210 10 1.09543
3310 10 1.13938
3410 10 1.22987
3510 10 1.19765
3610 10 1.23004
3710 10 1.27144
3810 10 1.35885
3910 10 1.34101
4010 10 1.37175
4110 10 1.42994
4210 10 1.45241
4310 10 1.49479
4410 10 1.53923
4510 10 1.57793
4610 10 1.61624
4710 10 1.65413
4810 10 1.69399
4910 10 1.73321
5010 10 1.76986
5110 10 1.81373
5210 10 1.8439
5310 10 1.88367
5410 10 1.92473
5510 10 1.97366
5610 10 2.00545
5710 10 2.1013
5810 10 2.07978
5910 10 2.10433
6010 10 2.15868
6110 10 2.19521
6210 10 2.25696
6310 10 2.28294
6410 10 2.38327
6510 10 2.34379
6610 10 2.38521
6710 10 2.41728
6810 10 2.44741
6910 10 2.49307
7010 10 2.54271
7110 10 2.63609
7210 10 2.61132
7310 10 2.63757
7410 10 2.67821
7510 10 2.70676
7610 10 2.75729
7710 10 2.82598
7810 10 2.90135
7910 10 2.88663
8010 10 3.1249
8110 10 2.97123
8210 10 2.98571
8310 10 3.03288
8410 10 3.08175
8510 10 3.10804
8610 10 3.41131
8710 10 3.27976
8810 10 3.32686
8910 10 3.34643
9010 10 3.33731
9110 10 3.51691
9210 10 3.55259
9310 10 3.45808
9410 10 3.5056
9510 10 3.55425
9610 10 3.58365
9710 10 3.63603
9810 10 3.63967
9910 10 3.72312
10 10 0.00511027
10 10 0.00535885
10 10 0.00635773
10 10 0.00723263
10 10 0.00534602
10000 10 0.191692
10000 10 0.324944
10000 10 0.471405
10000 10 0.6139
10000 10 0.757802
10000 10 0.894832
10000 10 1.04245
10000 10 1.18747
10000 10 1.32573
10000 10 1.47475
10000 10 1.60837
10000 10 1.76131
10000 10 1.90728
10000 10 2.04969
10000 10 2.18372
10000 10 2.33171
10000 10 2.47765
10000 10 2.63328
10000 10 2.76819
10000 10 2.91987
10000 10 3.05301
10000 10 3.20044
10000 10 3.35512
10000 10 3.47237
10000 10 3.62472
10000 10 3.77181
10000 10 3.89992
10000 10 4.05648
10000 10 4.20178
10000 10 4.33194
10000 10 4.4975
10000 10 4.64646
10000 10 4.78042
10000 10 4.94578
10000 10 5.10606
10000 10 5.20559
10000 10 5.39312
10000 10 5.50598
10000 10 5.73083
10000 10 6.01999
10000 10 0.195819
10000 10 0.323662
10000 10 0.466682
10000 10 0.610927
10000 10 0.7495
10000 10 0.900616
10000 10 1.05004
10000 10 1.18592
10000 10 1.33281
10000 10 1.47443
10000 10 1.62796
10000 10 1.75598
10000 10 1.91162
10000 10 2.0518
10000 10 2.20669
10000 10 2.33911
10000 10 2.48432
10000 10 2.62301
10000 10 2.77749
10000 10 2.92496
10000 10 3.06359
10000 10 3.22083
10000 10 3.35492
10000 10 3.51146
10000 10 3.68446
10000 10 3.81195
10000 10 3.93718
10000 10 4.08439
10000 10 4.2238
10000 10 4.35899
10000 10 4.50511
10000 10 4.6605
10000 10 4.8306
10000 10 4.93168
10000 10 5.08508
10000 10 5.25598
10000 10 5.37302
10000 10 5.53609
10000 10 5.68682
10000 10 5.8392
