100 100 128 0.0186515
200 100 128 0.0466633
300 100 128 0.0557809
400 100 128 0.0746384
500 100 128 0.0924379
600 100 128 0.111762
700 100 128 0.128507
800 100 128 0.147499
900 100 128 0.177644
1000 100 128 0.191867
1100 100 128 0.203112
1200 100 128 0.220182
1300 100 128 0.252253
1400 100 128 0.270135
1500 100 128 0.286516
1600 100 128 0.306419
1700 100 128 0.328342
1800 100 128 0.347186
1900 100 128 0.365493
2000 100 128 0.367632
2100 100 128 0.386577
2200 100 128 0.420952
2300 100 128 0.44034
2400 100 128 0.454779
2500 100 128 0.478683
2600 100 128 0.480367
2700 100 128 0.516392
2800 100 128 0.55338
2900 100 128 0.554711
3000 100 128 0.564929
3100 100 128 0.569538
3200 100 128 0.58428
3300 100 128 0.603862
3400 100 128 0.65237
3500 100 128 0.727827
3600 100 128 0.694069
3700 100 128 0.713995
3800 100 128 0.726898
3900 100 128 0.755675
4000 100 128 0.765295
4100 100 128 0.750996
4200 100 128 0.774372
4300 100 128 0.834196
4400 100 128 0.838773
4500 100 128 0.880986
4600 100 128 0.85814
4700 100 128 0.872059
4800 100 128 0.897821
4900 100 128 0.921352
5000 100 128 0.958022
5100 100 128 0.959207
5200 100 128 0.968618
5300 100 128 1.0159
5400 100 128 1.04179
5500 100 128 1.05512
5600 100 128 1.07429
5700 100 128 1.09644
5800 100 128 1.11064
5900 100 128 1.13016
6000 100 128 1.09723
6100 100 128 1.11474
6200 100 128 1.14076
6300 100 128 1.20367
6400 100 128 1.21712
6500 100 128 1.23073
6600 100 128 1.25769
6700 100 128 1.333
6800 100 128 1.27173
6900 100 128 1.28154
7000 100 128 1.31659
7100 100 128 1.36821
7200 100 128 1.38179
7300 100 128 1.35615
7400 100 128 1.37293
7500 100 128 1.38509
7600 100 128 1.50132
7700 100 128 1.47478
7800 100 128 1.44419
7900 100 128 1.62552
8000 100 128 1.46753
8100 100 128 1.50555
8200 100 128 1.51184
8300 100 128 1.52361
8400 100 128 1.54527
8500 100 128 1.6164
8600 100 128 1.60007
8700 100 128 1.61294
8800 100 128 1.62325
8900 100 128 1.66155
9000 100 128 1.73528
9100 100 128 1.74372
9200 100 128 1.70342
9300 100 128 1.78663
9400 100 128 1.8069
9500 100 128 1.83629
9600 100 128 1.93876
9700 100 128 1.9271
9800 100 128 1.88576
9900 100 128 1.81874
