100 100 128 0.00597476
200 100 128 0.00480393
300 100 128 0.00549481
400 100 128 0.00568747
500 100 128 0.00552152
600 100 128 0.00559466
700 100 128 0.00565399
800 100 128 0.00589003
900 100 128 0.0053894
1000 100 128 0.00564589
1100 100 128 0.00580789
1200 100 128 0.00682089
1300 100 128 0.00601385
1400 100 128 0.00599576
1500 100 128 0.00586843
1600 100 128 0.00636776
1700 100 128 0.00645636
1800 100 128 0.00586263
1900 100 128 0.00588322
2000 100 128 0.00639924
2100 100 128 0.00604887
2200 100 128 0.00778476
2300 100 128 0.00595333
2400 100 128 0.0062568
2500 100 128 0.00630872
2600 100 128 0.00592387
2700 100 128 0.00668136
2800 100 128 0.00659382
2900 100 128 0.00730823
3000 100 128 0.00619303
3100 100 128 0.0187059
3200 100 128 0.00673817
3300 100 128 0.00638746
3400 100 128 0.00674416
3500 100 128 0.00658787
3600 100 128 0.0062941
3700 100 128 0.00641305
3800 100 128 0.00913739
3900 100 128 0.00629636
4000 100 128 0.00671806
4100 100 128 0.01654
4200 100 128 0.00679668
4300 100 128 0.00633415
4400 100 128 0.006675
4500 100 128 0.007224
4600 100 128 0.00703923
4700 100 128 0.00705603
4800 100 128 0.00686824
4900 100 128 0.00680167
5000 100 128 0.00671424
5100 100 128 0.00676669
5200 100 128 0.00699865
5300 100 128 0.00639809
5400 100 128 0.00719468
5500 100 128 0.00672262
5600 100 128 0.00695153
5700 100 128 0.0067131
5800 100 128 0.0066968
5900 100 128 0.00686377
6000 100 128 0.00721688
6100 100 128 0.00788695
6200 100 128 0.0066758
6300 100 128 0.0176105
6400 100 128 0.00709782
6500 100 128 0.00707259
6600 100 128 0.00735446
6700 100 128 0.00741773
6800 100 128 0.00702337
6900 100 128 0.00681598
7000 100 128 0.00690945
7100 100 128 0.00735879
7200 100 128 0.00744839
7300 100 128 0.00676244
7400 100 128 0.00761007
7500 100 128 0.00819868
7600 100 128 0.0075262
7700 100 128 0.012349
7800 100 128 0.0203458
7900 100 128 0.00804492
8000 100 128 0.00703712
8100 100 128 0.00700937
8200 100 128 0.00687616
8300 100 128 0.0158766
8400 100 128 0.0074117
8500 100 128 0.00768521
8600 100 128 0.0267869
8700 100 128 0.00752174
8800 100 128 0.00702122
8900 100 128 0.00702777
9000 100 128 0.00727777
9100 100 128 0.00751019
9200 100 128 0.00782445
9300 100 128 0.0078903
9400 100 128 0.00768003
9500 100 128 0.00731488
9600 100 128 0.007039
9700 100 128 0.00724082
9800 100 128 0.00803444
9900 100 128 0.00717387
