100 100 128 0.00467916
200 100 128 0.00762132
300 100 128 0.00501576
400 100 128 0.00521533
500 100 128 0.00523479
600 100 128 0.00543423
700 100 128 0.00529262
800 100 128 0.00544594
900 100 128 0.00583341
1000 100 128 0.00583736
1100 100 128 0.00587857
1200 100 128 0.00561727
1300 100 128 0.00601627
1400 100 128 0.00594444
1500 100 128 0.00603911
1600 100 128 0.00580951
1700 100 128 0.00628754
1800 100 128 0.00601729
1900 100 128 0.00629557
2000 100 128 0.00593552
2100 100 128 0.00562725
2200 100 128 0.00634925
2300 100 128 0.00596422
2400 100 128 0.0150803
2500 100 128 0.00606656
2600 100 128 0.00640147
2700 100 128 0.00621568
2800 100 128 0.00620157
2900 100 128 0.00623515
3000 100 128 0.00609541
3100 100 128 0.0144235
3200 100 128 0.0088637
3300 100 128 0.0065367
3400 100 128 0.00642755
3500 100 128 0.0187544
3600 100 128 0.0174293
3700 100 128 0.00601365
3800 100 128 0.00669154
3900 100 128 0.00667911
4000 100 128 0.0063743
4100 100 128 0.00644401
4200 100 128 0.00666916
4300 100 128 0.00676229
4400 100 128 0.00627138
4500 100 128 0.00664431
4600 100 128 0.00708463
4700 100 128 0.00643421
4800 100 128 0.00625498
4900 100 128 0.00651418
5000 100 128 0.00644414
5100 100 128 0.0063398
5200 100 128 0.00655668
5300 100 128 0.0179062
5400 100 128 0.00786949
5500 100 128 0.00660317
5600 100 128 0.00643782
5700 100 128 0.00646506
5800 100 128 0.00656119
5900 100 128 0.00734665
6000 100 128 0.00627274
6100 100 128 0.00635083
6200 100 128 0.00699861
6300 100 128 0.00641764
6400 100 128 0.00677
6500 100 128 0.00661915
6600 100 128 0.00687584
6700 100 128 0.00734456
6800 100 128 0.00648808
6900 100 128 0.00626242
7000 100 128 0.00651126
7100 100 128 0.00690768
7200 100 128 0.00688496
7300 100 128 0.00776102
7400 100 128 0.00661172
7500 100 128 0.00659504
7600 100 128 0.00715197
7700 100 128 0.00794107
7800 100 128 0.0068065
7900 100 128 0.00762312
8000 100 128 0.00689971
8100 100 128 0.00680917
8200 100 128 0.00710586
8300 100 128 0.00697447
8400 100 128 0.00669349
8500 100 128 0.00704937
8600 100 128 0.0073839
8700 100 128 0.00790226
8800 100 128 0.00688349
8900 100 128 0.00651073
9000 100 128 0.00739499
9100 100 128 0.00686676
9200 100 128 0.00741975
9300 100 128 0.006931
9400 100 128 0.00675053
9500 100 128 0.0266069
9600 100 128 0.00706399
9700 100 128 0.00731832
9800 100 128 0.00742789
9900 100 128 0.00681375
