10 100 10 0.000435353
110 100 10 0.00247657
210 100 10 0.00370324
310 100 10 0.00521287
410 100 10 0.00773476
510 100 10 0.00854268
610 100 10 0.0100518
710 100 10 0.01452
810 100 10 0.0138948
910 100 10 0.0151756
1010 100 10 0.0169799
1110 100 10 0.0180555
1210 100 10 0.0202725
1310 100 10 0.0220898
1410 100 10 0.0236992
1510 100 10 0.025864
1610 100 10 0.027227
1710 100 10 0.029013
1810 100 10 0.0300213
1910 100 10 0.0317096
2010 100 10 0.0342429
2110 100 10 0.0354125
2210 100 10 0.0370949
2310 100 10 0.0384775
2410 100 10 0.0407588
2510 100 10 0.0419446
2610 100 10 0.0435082
2710 100 10 0.0447838
2810 100 10 0.0467265
2910 100 10 0.0760077
3010 100 10 0.0503314
3110 100 10 0.0518006
3210 100 10 0.0540359
3310 100 10 0.054865
3410 100 10 0.0567742
3510 100 10 0.0586319
3610 100 10 0.063424
3710 100 10 0.0621361
3810 100 10 0.0639258
3910 100 10 0.0647111
4010 100 10 0.0665653
4110 100 10 0.0690021
4210 100 10 0.0699139
4310 100 10 0.0711805
4410 100 10 0.0728166
4510 100 10 0.0743983
4610 100 10 0.0759267
4710 100 10 0.0787245
4810 100 10 0.0789602
4910 100 10 0.0818374
5010 100 10 0.0837284
5110 100 10 0.0856116
5210 100 10 0.0869225
5310 100 10 0.0889879
5410 100 10 0.0900391
5510 100 10 0.0924302
5610 100 10 0.0925213
5710 100 10 0.132919
5810 100 10 0.0963956
5910 100 10 0.098192
6010 100 10 0.0993117
6110 100 10 0.100844
6210 100 10 0.102594
6310 100 10 0.104712
6410 100 10 0.106182
6510 100 10 0.106735
6610 100 10 0.109848
6710 100 10 0.11031
6810 100 10 0.113852
6910 100 10 0.11363
7010 100 10 0.117544
7110 100 10 0.116886
7210 100 10 0.120393
7310 100 10 0.120766
7410 100 10 0.124522
7510 100 10 0.125378
7610 100 10 0.126279
7710 100 10 0.128965
7810 100 10 0.12916
7910 100 10 0.141587
8010 100 10 0.143144
8110 100 10 0.135256
8210 100 10 0.137658
8310 100 10 0.138774
8410 100 10 0.139718
8510 100 10 0.150313
8610 100 10 0.153892
8710 100 10 0.142608
8810 100 10 0.145149
8910 100 10 0.159435
9010 100 10 0.149479
9110 100 10 0.162991
9210 100 10 0.153205
9310 100 10 0.154078
9410 100 10 0.154821
9510 100 10 0.156152
9610 100 10 0.159967
9710 100 10 0.160028
9810 100 10 0.163365
9910 100 10 0.164447
10 100 10 0.000560266
10 100 10 0.000406929
10 100 10 0.00043531
10 100 10 0.000360265
10 100 10 0.000480358
10000 100 10 0.165822
10000 100 10 0.166451
10000 100 10 0.164871
10000 100 10 0.167436
10000 100 10 0.166656
10000 100 10 0.168359
10000 100 10 0.16692
10000 100 10 0.168189
10000 100 10 0.166105
10000 100 10 0.167802
10000 100 10 0.164762
10000 100 10 0.165409
10000 100 10 0.163966
10000 100 10 0.165674
10000 100 10 0.167994
10000 100 10 0.161092
10000 100 10 0.165116
10000 100 10 0.165544
10000 100 10 0.165073
10000 100 10 0.172149
10000 100 10 0.164871
10000 100 10 0.163959
10000 100 10 0.166547
10000 100 10 0.168178
10000 100 10 0.165669
10000 100 10 0.163858
10000 100 10 0.164036
10000 100 10 0.164167
10000 100 10 0.1671
10000 100 10 0.163091
10000 100 10 0.168574
10000 100 10 0.167641
10000 100 10 0.161811
10000 100 10 0.162321
10000 100 10 0.167287
10000 100 10 0.163005
10000 100 10 0.166178
10000 100 10 0.166802
10000 100 10 0.163864
10000 100 10 0.181279
10000 100 10 0.16174
10000 100 10 0.161962
10000 100 10 0.162416
10000 100 10 0.164079
10000 100 10 0.162352
10000 100 10 0.161374
10000 100 10 0.164203
10000 100 10 0.16251
10000 100 10 0.161824
10000 100 10 0.195805
10000 100 10 0.162811
10000 100 10 0.162529
10000 100 10 0.162787
10000 100 10 0.161027
10000 100 10 0.160615
10000 100 10 0.163431
10000 100 10 0.163551
10000 100 10 0.163615
10000 100 10 0.163162
10000 100 10 0.165376
10000 100 10 0.163335
10000 100 10 0.162894
10000 100 10 0.163177
10000 100 10 0.16087
10000 100 10 0.163748
10000 100 10 0.161386
10000 100 10 0.162852
10000 100 10 0.162647
10000 100 10 0.162589
10000 100 10 0.162444
10000 100 10 0.162611
10000 100 10 0.163357
10000 100 10 0.162256
10000 100 10 0.162208
10000 100 10 0.163267
10000 100 10 0.162249
10000 100 10 0.162943
10000 100 10 0.1636
10000 100 10 0.163488
10000 100 10 0.163402
