0 100 -968143488 7.6169e-05
100 100 10 0.00374575
200 100 10 0.00678157
300 100 10 0.0088294
400 100 10 0.00859916
500 100 10 0.0104575
600 100 10 0.0110361
700 100 10 0.0122052
800 100 10 0.0137558
900 100 10 0.0156387
1000 100 10 0.0166652
1100 100 10 0.0181396
1200 100 10 0.0202923
1300 100 10 0.0217647
1400 100 10 0.0242931
1500 100 10 0.025923
1600 100 10 0.0273835
1700 100 10 0.0286019
1800 100 10 0.0304919
1900 100 10 0.0332653
2000 100 10 0.0334125
2100 100 10 0.0351356
2200 100 10 0.0365841
2300 100 10 0.0395357
2400 100 10 0.0401836
2500 100 10 0.0422191
2600 100 10 0.0448686
2700 100 10 0.0453013
2800 100 10 0.0478602
2900 100 10 0.0498081
3000 100 10 0.051239
3100 100 10 0.0529351
3200 100 10 0.0550698
3300 100 10 0.0566636
3400 100 10 0.0554421
3500 100 10 0.0585315
3600 100 10 0.0604797
3700 100 10 0.063019
3800 100 10 0.0641035
3900 100 10 0.0660836
4000 100 10 0.0676412
4100 100 10 0.0694168
4200 100 10 0.069753
4300 100 10 0.0724084
4400 100 10 0.0758178
4500 100 10 0.0755642
4600 100 10 0.0771181
4700 100 10 0.0839759
4800 100 10 0.0821579
4900 100 10 0.0835642
5000 100 10 0.0836534
5100 100 10 0.0878161
5200 100 10 0.0886319
5300 100 10 0.088659
5400 100 10 0.0936648
5500 100 10 0.0934082
5600 100 10 0.0956757
5700 100 10 0.0965539
5800 100 10 0.0974992
5900 100 10 0.101593
6000 100 10 0.10124
6100 100 10 0.104631
6200 100 10 0.101122
6300 100 10 0.106942
6400 100 10 0.10632
6500 100 10 0.108737
6600 100 10 0.11339
6700 100 10 0.109924
6800 100 10 0.11499
6900 100 10 0.115059
7000 100 10 0.117285
7100 100 10 0.118906
7200 100 10 0.120498
7300 100 10 0.123453
7400 100 10 0.127858
7500 100 10 0.124514
7600 100 10 0.128421
7700 100 10 0.13072
7800 100 10 0.130782
7900 100 10 0.133328
8000 100 10 0.136974
8100 100 10 0.133469
8200 100 10 0.140748
8300 100 10 0.141963
8400 100 10 0.142548
8500 100 10 0.141677
8600 100 10 0.145679
8700 100 10 0.148202
8800 100 10 0.14712
8900 100 10 0.152946
9000 100 10 0.154079
9100 100 10 0.153114
9200 100 10 0.158338
9300 100 10 0.162937
9400 100 10 0.159109
9500 100 10 0.163814
9600 100 10 0.163776
9700 100 10 0.164042
9800 100 10 0.162232
9900 100 10 0.162998
