1 0.057739
2 0.105461
3 0.12997
4 0.133771
5 0.149455
6 0.158203
7 0.154431
8 0.166148
9 0.168079
10 0.141723
11 0.148708
12 0.158427
13 0.151591
14 0.127681
15 0.135136
16 0.153071
17 0.123645
18 0.109193
19 0.08175
20 0.0608473
21 0.0297586
22 0.0389691
23 0.0322479
24 0.0135044
25 0.0103423
26 0.00890232
27 0.0112684
28 0.00764353
29 0.00620784
30 0.00711794
31 0.00587787
32 0.00522934
33 0.00543478
34 0.00575183
35 0.00584459
36 0.00624807
37 0.00634326
38 0.00687597
39 0.00654886
40 0.00653431
