1 0.00342845
2 0.00353675
3 0.00345795
4 0.00346577
5 0.00335541
6 0.00341085
7 0.00341642
8 0.00344805
9 0.00398017
10 0.00546145
11 0.00369818
12 0.00672938
13 0.00870086
14 0.0169897
15 0.0383955
16 0.0513854
17 0.067191
18 0.0928594
19 0.136557
20 0.160882
21 0.191238
22 0.169578
23 0.195931
24 0.198789
25 0.202814
26 0.192578
27 0.206184
28 0.181766
29 0.207912
30 0.228262
31 0.227392
32 0.225382
33 0.211695
34 0.232654
35 0.226434
36 0.234404
37 0.179633
38 0.238431
39 0.188305
40 0.222576
