100 100 128 0.0529176
200 100 128 0.0666638
300 100 128 0.0772101
400 100 128 0.127861
500 100 128 0.120965
600 100 128 0.140573
700 100 128 0.164698
800 100 128 0.190313
900 100 128 0.209565
1000 100 128 0.244308
1100 100 128 0.263346
1200 100 128 0.288882
1300 100 128 0.308381
1400 100 128 0.335966
1500 100 128 0.359549
1600 100 128 0.383337
1700 100 128 0.39546
1800 100 128 0.425471
1900 100 128 0.457398
2000 100 128 0.464095
2100 100 128 0.608853
2200 100 128 0.659718
2300 100 128 0.658353
2400 100 128 0.722036
2500 100 128 0.736026
2600 100 128 0.758529
2700 100 128 0.764528
2800 100 128 0.831102
2900 100 128 0.839866
3000 100 128 0.721581
3100 100 128 0.76025
3200 100 128 0.788378
3300 100 128 0.797895
3400 100 128 0.801528
3500 100 128 0.832716
3600 100 128 0.859815
3700 100 128 0.890244
3800 100 128 0.933761
3900 100 128 0.974393
4000 100 128 1.2054
4100 100 128 1.0567
4200 100 128 1.06143
4300 100 128 1.06721
4400 100 128 1.09462
4500 100 128 1.1207
4600 100 128 1.13062
4700 100 128 1.15119
4800 100 128 1.23935
4900 100 128 1.1842
5000 100 128 1.22583
5100 100 128 1.24672
5200 100 128 1.36507
5300 100 128 1.32697
5400 100 128 1.35884
5500 100 128 1.38097
5600 100 128 1.36803
5700 100 128 1.42566
5800 100 128 1.41124
5900 100 128 1.40267
6000 100 128 1.45957
6100 100 128 1.49795
6200 100 128 1.60537
6300 100 128 1.56976
6400 100 128 1.56119
6500 100 128 1.57017
6600 100 128 1.59855
6700 100 128 1.62171
6800 100 128 1.68569
6900 100 128 1.71334
7000 100 128 1.78078
7100 100 128 1.79357
7200 100 128 1.927
7300 100 128 1.87619
7400 100 128 1.82585
7500 100 128 1.87433
7600 100 128 2.0352
7700 100 128 1.88444
7800 100 128 1.88971
7900 100 128 2.07395
8000 100 128 1.92429
8100 100 128 1.99576
8200 100 128 2.13783
8300 100 128 2.10114
8400 100 128 2.09855
8500 100 128 2.19847
8600 100 128 2.13449
8700 100 128 2.31569
8800 100 128 3.26043
8900 100 128 2.1734
9000 100 128 2.21356
9100 100 128 2.26373
9200 100 128 2.36804
9300 100 128 2.29503
9400 100 128 2.48928
9500 100 128 2.38315
9600 100 128 2.58569
9700 100 128 2.32897
9800 100 128 2.58507
9900 100 128 2.40909
