10 128 0.000772148
20 128 0.00153448
30 128 0.00176521
40 128 0.00189715
50 128 0.00225731
60 128 0.00258131
70 128 0.00283782
80 128 0.0030525
90 128 0.00353304
100 128 0.00349867
110 128 0.00378464
120 128 0.00388766
130 128 0.00393326
140 128 0.00418542
150 128 0.0045705
160 128 0.00504409
170 128 0.0052602
180 128 0.00546381
190 128 0.00576296
200 128 0.00607649
210 128 0.00639072
220 128 0.00683591
230 128 0.00713128
240 128 0.00726003
250 128 0.00755059
260 128 0.00784505
270 128 0.0080395
280 128 0.00840424
290 128 0.00877437
300 128 0.00932686
310 128 0.009388
320 128 0.00956578
330 128 0.010193
340 128 0.0103181
350 128 0.0109725
360 128 0.0110125
370 128 0.0113953
380 128 0.0116334
390 128 0.0118115
400 128 0.0124913
410 128 0.0121902
420 128 0.012697
430 128 0.0130109
440 128 0.0132446
450 128 0.0135399
460 128 0.0138899
470 128 0.0143201
480 128 0.0143855
490 128 0.0170316
500 128 0.0153704
510 128 0.0150837
520 128 0.0159865
530 128 0.0160891
540 128 0.0161862
550 128 0.0166726
560 128 0.0170207
570 128 0.0174658
580 128 0.0176975
590 128 0.0176954
600 128 0.0184644
610 128 0.0185362
620 128 0.0187091
630 128 0.0191956
640 128 0.0191604
650 128 0.0199794
660 128 0.0200801
670 128 0.0204616
680 128 0.0202945
690 128 0.0204974
700 128 0.0210989
710 128 0.0211542
720 128 0.021233
730 128 0.0218094
740 128 0.0222958
750 128 0.0225268
760 128 0.0229982
770 128 0.0234263
780 128 0.0235979
790 128 0.0237358
800 128 0.0241196
810 128 0.0245909
820 128 0.0247413
830 128 0.0247523
840 128 0.0250945
850 128 0.025791
860 128 0.0260093
870 128 0.0264273
880 128 0.0265533
890 128 0.0270298
900 128 0.0273319
910 128 0.0276898
920 128 0.0279055
930 128 0.0281854
940 128 0.0279283
950 128 0.0286867
960 128 0.0288031
970 128 0.0294442
980 128 0.0295279
990 128 0.0297821
1000 128 0.0300963
1010 128 0.0302419
1020 128 0.0309656
1030 128 0.0313378
1040 128 0.0317822
1050 128 0.0318436
1060 128 0.0322744
1070 128 0.0323641
1080 128 0.0322273
1090 128 0.0326423
1100 128 0.0331847
1110 128 0.033198
1120 128 0.0339033
1130 128 0.0338566
1140 128 0.0342716
1150 128 0.0348786
1160 128 0.0345813
1170 128 0.0352179
1180 128 0.0356534
1190 128 0.0356123
1200 128 0.0358376
1210 128 0.0369602
1220 128 0.0371795
1230 128 0.0375693
1240 128 0.0378471
1250 128 0.0383053
1260 128 0.0375792
1270 128 0.038856
1280 128 0.0385644
1290 128 0.0395254
1300 128 0.0406531
1310 128 0.0404129
1320 128 0.0403218
1330 128 0.0413392
1340 128 0.0415374
1350 128 0.0421886
1360 128 0.0423421
1370 128 0.0423921
1380 128 0.0432099
1390 128 0.0426626
1400 128 0.0429511
1410 128 0.0441049
1420 128 0.0439083
1430 128 0.0445393
1440 128 0.0442075
1450 128 0.044312
1460 128 0.0447095
1470 128 0.044685
1480 128 0.0453024
1490 128 0.0460889
1500 128 0.0458914
1510 128 0.0467028
1520 128 0.0467286
1530 128 0.0473425
1540 128 0.0476818
1550 128 0.0483645
1560 128 0.0482666
1570 128 0.0487238
1580 128 0.04846
1590 128 0.0491001
1600 128 0.0490665
1610 128 0.0495213
1620 128 0.0492659
1630 128 0.0501186
1640 128 0.0497958
1650 128 0.0504593
1660 128 0.0505973
1670 128 0.0502139
1680 128 0.051659
1690 128 0.0521316
1700 128 0.0525595
1710 128 0.0524062
1720 128 0.0529055
1730 128 0.0531858
1740 128 0.0538985
1750 128 0.0539765
1760 128 0.053791
1770 128 0.0540789
1780 128 0.0548941
1790 128 0.0549532
1800 128 0.0548045
1810 128 0.0560292
1820 128 0.0559553
1830 128 0.0556869
1840 128 0.0561615
1850 128 0.0571758
1860 128 0.0571248
1870 128 0.0575129
1880 128 0.0581562
1890 128 0.0582637
1900 128 0.0587381
1910 128 0.0581732
1920 128 0.0582925
1930 128 0.0593976
1940 128 0.058622
1950 128 0.0598111
1960 128 0.0595107
1970 128 0.0603994
1980 128 0.0609029
1990 128 0.0604547
2000 128 0.0606958
2010 128 0.0611238
2020 128 0.0619266
2030 128 0.0622488
2040 128 0.0626459
2050 128 0.0625252
2060 128 0.063517
2070 128 0.0631836
2080 128 0.0640712
2090 128 0.064596
2100 128 0.063952
2110 128 0.064572
2120 128 0.0641534
2130 128 0.0654076
2140 128 0.0650015
2150 128 0.0667055
2160 128 0.0660233
2170 128 0.0668051
2180 128 0.067289
2190 128 0.0668875
2200 128 0.0680172
2210 128 0.0668808
2220 128 0.0678155
2230 128 0.067931
2240 128 0.0686161
2250 128 0.0687163
2260 128 0.0692234
2270 128 0.0696289
2280 128 0.0699683
2290 128 0.0699604
2300 128 0.0709488
2310 128 0.0696438
2320 128 0.0710911
2330 128 0.0709484
2340 128 0.0724436
2350 128 0.0708242
2360 128 0.0718625
2370 128 0.0720718
2380 128 0.0721155
2390 128 0.073287
2400 128 0.0729681
2410 128 0.0734418
2420 128 0.072743
2430 128 0.0742964
2440 128 0.0739986
2450 128 0.0746826
2460 128 0.0743896
2470 128 0.0753063
2480 128 0.07558
2490 128 0.0763589
2500 128 0.0754011
2510 128 0.0763897
2520 128 0.0761327
2530 128 0.0770352
2540 128 0.0775933
2550 128 0.0799432
2560 128 0.081681
2570 128 0.081153
2580 128 0.087291
2590 128 0.0796206
2600 128 0.0821102
2610 128 0.08073
2620 128 0.0831261
2630 128 0.083998
2640 128 0.0844406
2650 128 0.0844161
2660 128 0.0833774
2670 128 0.0829922
2680 128 0.0939687
2690 128 0.085051
2700 128 0.0852461
2710 128 0.0888751
2720 128 0.0887808
2730 128 0.0914009
2740 128 0.0883646
2750 128 0.0884161
2760 128 0.0925626
2770 128 0.0980868
2780 128 0.0911407
2790 128 0.0997826
2800 128 0.089587
2810 128 0.0920271
2820 128 0.09201
2830 128 0.0908271
2840 128 0.10014
2850 128 0.0909978
2860 128 0.0971544
2870 128 0.0986301
2880 128 0.100859
2890 128 0.100315
2900 128 0.114302
2910 128 0.118119
2920 128 0.114452
2930 128 0.0995799
2940 128 0.102746
2950 128 0.163176
2960 128 0.23032
2970 128 0.202433
2980 128 0.195535
2990 128 0.21865
3000 128 0.122263
3010 128 0.0988468
3020 128 0.0975183
3030 128 0.0980201
3040 128 0.0979655
3050 128 0.0985734
3060 128 0.0998203
3070 128 0.0989385
3080 128 0.108437
3090 128 0.106065
3100 128 0.104389
3110 128 0.106594
3120 128 0.109227
3130 128 0.111508
3140 128 0.108256
3150 128 0.107723
3160 128 0.101277
3170 128 0.0994796
3180 128 0.0998975
3190 128 0.0997766
3200 128 0.0988515
3210 128 0.097913
3220 128 0.0983147
3230 128 0.10017
3240 128 0.100413
3250 128 0.0994056
3260 128 0.100778
3270 128 0.0994903
3280 128 0.100486
3290 128 0.100463
3300 128 0.100772
3310 128 0.101704
3320 128 0.101883
3330 128 0.105911
3340 128 0.10614
3350 128 0.106897
3360 128 0.103369
3370 128 0.104015
3380 128 0.104655
3390 128 0.107233
3400 128 0.104619
3410 128 0.105554
3420 128 0.106349
3430 128 0.104594
3440 128 0.105709
3450 128 0.105513
3460 128 0.106777
3470 128 0.106096
3480 128 0.107573
3490 128 0.107303
3500 128 0.108226
3510 128 0.107628
3520 128 0.107764
3530 128 0.109313
3540 128 0.108783
3550 128 0.109386
3560 128 0.108613
3570 128 0.109835
3580 128 0.109436
3590 128 0.11146
3600 128 0.1098
3610 128 0.111227
3620 128 0.111062
3630 128 0.111416
3640 128 0.112014
3650 128 0.112401
3660 128 0.111813
3670 128 0.112184
3680 128 0.11347
3690 128 0.113658
3700 128 0.115
3710 128 0.113432
3720 128 0.114219
3730 128 0.113888
3740 128 0.11459
3750 128 0.11449
3760 128 0.115638
3770 128 0.118014
3780 128 0.116035
3790 128 0.114602
3800 128 0.116282
3810 128 0.117502
3820 128 0.122029
3830 128 0.122813
3840 128 0.119234
3850 128 0.123966
3860 128 0.125367
3870 128 0.133047
3880 128 0.139836
3890 128 0.12374
3900 128 0.133536
3910 128 0.159004
3920 128 0.134262
3930 128 0.135551
3940 128 0.13299
3950 128 0.134236
3960 128 0.132604
3970 128 0.126542
3980 128 0.127319
3990 128 0.14834
4000 128 0.132181
4010 128 0.129584
4020 128 0.130882
4030 128 0.137936
4040 128 0.139798
4050 128 0.139681
4060 128 0.137962
4070 128 0.13878
4080 128 0.139658
4090 128 0.132842
4100 128 0.133855
4110 128 0.133931
4120 128 0.137243
4130 128 0.126954
4140 128 0.127669
4150 128 0.12942
4160 128 0.139794
4170 128 0.140679
4180 128 0.144902
4190 128 0.141383
4200 128 0.141509
4210 128 0.142138
4220 128 0.143971
4230 128 0.13382
4240 128 0.130982
4250 128 0.132493
4260 128 0.131224
4270 128 0.132473
4280 128 0.131342
4290 128 0.134806
4300 128 0.146679
4310 128 0.145178
4320 128 0.142901
4330 128 0.15074
4340 128 0.148653
4350 128 0.148255
4360 128 0.132886
4370 128 0.133453
4380 128 0.133413
4390 128 0.13426
4400 128 0.135806
4410 128 0.136692
4420 128 0.135451
4430 128 0.136674
4440 128 0.135448
4450 128 0.136716
4460 128 0.136557
4470 128 0.136907
4480 128 0.137453
4490 128 0.138518
4500 128 0.137711
4510 128 0.13819
4520 128 0.138995
4530 128 0.139756
4540 128 0.14097
4550 128 0.140922
4560 128 0.151325
4570 128 0.154673
4580 128 0.155338
4590 128 0.157358
4600 128 0.155656
4610 128 0.157449
4620 128 0.154237
4630 128 0.142334
4640 128 0.141303
4650 128 0.144943
4660 128 0.142504
4670 128 0.144322
4680 128 0.142885
4690 128 0.146262
4700 128 0.145066
4710 128 0.145629
4720 128 0.145592
4730 128 0.145013
4740 128 0.147837
4750 128 0.159796
4760 128 0.16172
4770 128 0.161675
4780 128 0.162833
4790 128 0.162481
4800 128 0.16286
4810 128 0.147892
4820 128 0.148974
4830 128 0.150295
4840 128 0.149626
4850 128 0.148934
4860 128 0.149396
4870 128 0.158971
4880 128 0.165408
4890 128 0.166405
4900 128 0.165922
4910 128 0.16679
4920 128 0.166817
4930 128 0.15191
4940 128 0.153488
4950 128 0.153216
4960 128 0.152294
4970 128 0.151873
4980 128 0.154903
4990 128 0.168704
5000 128 0.169592
5010 128 0.169493
5020 128 0.169987
5030 128 0.170226
5040 128 0.164171
5050 128 0.154929
5060 128 0.154734
5070 128 0.157698
5080 128 0.156823
5090 128 0.15831
5100 128 0.15899
5110 128 0.174002
5120 128 0.174024
5130 128 0.174747
5140 128 0.175479
5150 128 0.175788
5160 128 0.158948
5170 128 0.159224
5180 128 0.164617
5190 128 0.16017
5200 128 0.16207
5210 128 0.161052
5220 128 0.16096
5230 128 0.166236
5240 128 0.16038
5250 128 0.163256
5260 128 0.162915
5270 128 0.174052
5280 128 0.180327
5290 128 0.180137
5300 128 0.180545
5310 128 0.181246
5320 128 0.170392
5330 128 0.16417
5340 128 0.166799
5350 128 0.164857
5360 128 0.166194
5370 128 0.164763
5380 128 0.182851
5390 128 0.183613
5400 128 0.184154
5410 128 0.184048
5420 128 0.184689
5430 128 0.168139
5440 128 0.169419
5450 128 0.1712
5460 128 0.168925
5470 128 0.168813
5480 128 0.169434
5490 128 0.18144
5500 128 0.18692
5510 128 0.187474
5520 128 0.185208
5530 128 0.187822
5540 128 0.171212
5550 128 0.169739
5560 128 0.172124
5570 128 0.172905
5580 128 0.172737
5590 128 0.190319
5600 128 0.190987
5610 128 0.191406
5620 128 0.185533
5630 128 0.191667
5640 128 0.175387
5650 128 0.175445
5660 128 0.175151
5670 128 0.17503
5680 128 0.175038
5690 128 0.174939
5700 128 0.195841
5710 128 0.196263
5720 128 0.194872
5730 128 0.195864
5740 128 0.177041
5750 128 0.178472
5760 128 0.17818
5770 128 0.276306
5780 128 0.177207
5790 128 0.178682
5800 128 0.179336
5810 128 0.180779
5820 128 0.181738
5830 128 0.18052
5840 128 0.179422
5850 128 0.181183
5860 128 0.181897
5870 128 0.181469
5880 128 0.183722
5890 128 0.180951
5900 128 0.183837
5910 128 0.1815
5920 128 0.182088
5930 128 0.183463
5940 128 0.202448
5950 128 0.202493
5960 128 0.202489
5970 128 0.203165
5980 128 0.203746
5990 128 0.182939
6000 128 0.187796
6010 128 0.184845
6020 128 0.185639
6030 128 0.1872
6040 128 0.18827
6050 128 0.186951
6060 128 0.18699
6070 128 0.1871
6080 128 0.187164
6090 128 0.189338
6100 128 0.189002
6110 128 0.187336
6120 128 0.190201
6130 128 0.189425
6140 128 0.209482
6150 128 0.209282
6160 128 0.210265
6170 128 0.209935
6180 128 0.188801
6190 128 0.191255
6200 128 0.191657
6210 128 0.193183
6220 128 0.193596
6230 128 0.211615
6240 128 0.212196
6250 128 0.212418
6260 128 0.212579
6270 128 0.210423
6280 128 0.193161
6290 128 0.193533
6300 128 0.196711
6310 128 0.194506
6320 128 0.194638
6330 128 0.19584
6340 128 0.20868
6350 128 0.204565
6360 128 0.196271
6370 128 0.217478
6380 128 0.218514
6390 128 0.227009
6400 128 0.223867
6410 128 0.208209
6420 128 0.209109
6430 128 0.200043
6440 128 0.206957
6450 128 0.231385
6460 128 0.239521
6470 128 0.22289
6480 128 0.222435
6490 128 0.208074
6500 128 0.205525
6510 128 0.207568
6520 128 0.210481
6530 128 0.211468
6540 128 0.211118
6550 128 0.212772
6560 128 0.201867
6570 128 0.201492
6580 128 0.201798
6590 128 0.202495
6600 128 0.201072
6610 128 0.202015
6620 128 0.203928
6630 128 0.203462
6640 128 0.21256
6650 128 0.204647
6660 128 0.203898
6670 128 0.204834
6680 128 0.205153
6690 128 0.203691
6700 128 0.2098
6710 128 0.286332
6720 128 0.207564
6730 128 0.207333
6740 128 0.206058
6750 128 0.206917
6760 128 0.206981
6770 128 0.208725
6780 128 0.208384
6790 128 0.207927
6800 128 0.207971
6810 128 0.209691
6820 128 0.208636
6830 128 0.210213
6840 128 0.210491
6850 128 0.208558
6860 128 0.209687
6870 128 0.210476
6880 128 0.210687
6890 128 0.209908
6900 128 0.212187
6910 128 0.211857
6920 128 0.212171
6930 128 0.226251
6940 128 0.237479
6950 128 0.23736
6960 128 0.237907
6970 128 0.23257
6980 128 0.22217
6990 128 0.218412
7000 128 0.227212
7010 128 0.225778
7020 128 0.239557
7030 128 0.239462
7040 128 0.239799
7050 128 0.231991
7060 128 0.220335
7070 128 0.21753
7080 128 0.218622
7090 128 0.218519
7100 128 0.217797
7110 128 0.224147
7120 128 0.218335
7130 128 0.22341
7140 128 0.225579
7150 128 0.220476
7160 128 0.221847
7170 128 0.220712
7180 128 0.222033
7190 128 0.22245
7200 128 0.220948
7210 128 0.221192
7220 128 0.223001
7230 128 0.223411
7240 128 0.224315
7250 128 0.224845
7260 128 0.222898
7270 128 0.227096
7280 128 0.223678
7290 128 0.223942
7300 128 0.223794
7310 128 0.224505
7320 128 0.223168
7330 128 0.22492
7340 128 0.22526
7350 128 0.224704
7360 128 0.225925
7370 128 0.235736
7380 128 0.226041
7390 128 0.226639
7400 128 0.227463
7410 128 0.225848
7420 128 0.228006
7430 128 0.227425
7440 128 0.226673
7450 128 0.228941
7460 128 0.228539
7470 128 0.229154
7480 128 0.23157
7490 128 0.229238
7500 128 0.229927
7510 128 0.230017
7520 128 0.232683
7530 128 0.231928
7540 128 0.231242
7550 128 0.231702
7560 128 0.231972
7570 128 0.232678
7580 128 0.231592
7590 128 0.232406
7600 128 0.233388
7610 128 0.232295
7620 128 0.233844
7630 128 0.233981
7640 128 0.23319
7650 128 0.233114
7660 128 0.234979
7670 128 0.235992
7680 128 0.23544
7690 128 0.235231
7700 128 0.237658
7710 128 0.235889
7720 128 0.235541
7730 128 0.237683
7740 128 0.235417
7750 128 0.250489
7760 128 0.258918
7770 128 0.260349
7780 128 0.264214
7790 128 0.265453
7800 128 0.26474
7810 128 0.245163
7820 128 0.2422
7830 128 0.251452
7840 128 0.255358
7850 128 0.246426
7860 128 0.245204
7870 128 0.24537
7880 128 0.251898
7890 128 0.338537
7900 128 0.269282
7910 128 0.26956
7920 128 0.245113
7930 128 0.244974
7940 128 0.244362
7950 128 0.246092
7960 128 0.245204
7970 128 0.246095
7980 128 0.248843
7990 128 0.254551
8000 128 0.271977
8010 128 0.272331
8020 128 0.272689
8030 128 0.25023
8040 128 0.248596
8050 128 0.246671
8060 128 0.249378
8070 128 0.248715
8080 128 0.249457
8090 128 0.250318
8100 128 0.261501
8110 128 0.277355
8120 128 0.276965
8130 128 0.277066
8140 128 0.251131
8150 128 0.251762
8160 128 0.254179
8170 128 0.253137
8180 128 0.252647
8190 128 0.25414
8200 128 0.253925
8210 128 0.256136
8220 128 0.255172
8230 128 0.255146
8240 128 0.255038
8250 128 0.255745
8260 128 0.253933
8270 128 0.25763
8280 128 0.256705
8290 128 0.295714
8300 128 0.286953
8310 128 0.262233
8320 128 0.25718
8330 128 0.259763
8340 128 0.270211
8350 128 0.286036
8360 128 0.29015
8370 128 0.287254
8380 128 0.262352
8390 128 0.263261
8400 128 0.262073
8410 128 0.275027
8420 128 0.264231
8430 128 0.281784
8440 128 0.264634
8450 128 0.265436
8460 128 0.264001
8470 128 0.281548
8480 128 0.283206
8490 128 0.262104
8500 128 0.265672
8510 128 0.276789
8520 128 0.29369
8530 128 0.298262
8540 128 0.297917
8550 128 0.268949
8560 128 0.267979
8570 128 0.265094
8580 128 0.295116
8590 128 0.294307
8600 128 0.302601
8610 128 0.276017
8620 128 0.270918
8630 128 0.288559
8640 128 0.29736
8650 128 0.298803
8660 128 0.303109
8670 128 0.269589
8680 128 0.274953
8690 128 0.271706
8700 128 0.267795
8710 128 0.269366
8720 128 0.270451
8730 128 0.26841
8740 128 0.269132
8750 128 0.32055
8760 128 0.270064
8770 128 0.282727
8780 128 0.271402
8790 128 0.273886
8800 128 0.27436
8810 128 0.272791
8820 128 0.275083
8830 128 0.276538
8840 128 0.276597
8850 128 0.282363
8860 128 0.279718
8870 128 0.283129
8880 128 0.280825
8890 128 0.288676
8900 128 0.282855
8910 128 0.289736
8920 128 0.28358
8930 128 0.276647
8940 128 0.278973
8950 128 0.300409
8960 128 0.301123
8970 128 0.312077
8980 128 0.316959
8990 128 0.314991
9000 128 0.293057
9010 128 0.289182
9020 128 0.290369
9030 128 0.315678
9040 128 0.294571
9050 128 0.280559
9060 128 0.30115
9070 128 0.296706
9080 128 0.285629
9090 128 0.285627
9100 128 0.292582
9110 128 0.292675
9120 128 0.287563
9130 128 0.288769
9140 128 0.286322
9150 128 0.286349
9160 128 0.283043
9170 128 0.288635
9180 128 0.28937
9190 128 0.286336
9200 128 0.30296
9210 128 0.305957
9220 128 0.294477
9230 128 0.303817
9240 128 0.333659
9250 128 0.344376
9260 128 0.3265
9270 128 0.33048
9280 128 0.297942
9290 128 0.297933
9300 128 0.292804
9310 128 0.308403
9320 128 0.300465
9330 128 0.29207
9340 128 0.306691
9350 128 0.304411
9360 128 0.311015
9370 128 0.309075
9380 128 0.308973
9390 128 0.29249
9400 128 0.299608
9410 128 0.296034
9420 128 0.300151
9430 128 0.316634
9440 128 0.29851
9450 128 0.315278
9460 128 0.303849
9470 128 0.29975
9480 128 0.3067
9490 128 0.295585
9500 128 0.315528
9510 128 0.306397
9520 128 0.307658
9530 128 0.321271
9540 128 0.310213
9550 128 0.318965
9560 128 0.301712
9570 128 0.317149
9580 128 0.317478
9590 128 0.312862
9600 128 0.30965
9610 128 0.332399
9620 128 0.335265
9630 128 0.332738
9640 128 0.307562
9650 128 0.3161
9660 128 0.313926
9670 128 0.333999
9680 128 0.334915
9690 128 0.338457
9700 128 0.315177
9710 128 0.331267
9720 128 0.355171
9730 128 0.335711
9740 128 0.334852
9750 128 0.299565
9760 128 0.306646
9770 128 0.303873
9780 128 0.321675
9790 128 0.309242
9800 128 0.308173
9810 128 0.30403
9820 128 0.30529
9830 128 0.303518
9840 128 0.306439
9850 128 0.304912
9860 128 0.303673
9870 128 0.30708
9880 128 0.308735
9890 128 0.309027
9900 128 0.340639
9910 128 0.341149
9920 128 0.341193
9930 128 0.309431
9940 128 0.327932
9950 128 0.3589
9960 128 0.342587
9970 128 0.34274
9980 128 0.340107
9990 128 0.312541
