10000 10 1.5922
10000 10 1.52171
10000 10 1.5051
10000 10 1.10073
10000 10 1.81406
10000 10 1.36306
10000 10 1.60175
10000 10 1.50876
10000 10 1.5315
10000 10 1.70945
10000 10 1.5448
10000 10 1.44369
10000 10 1.7141
10000 10 1.668
10000 10 1.42303
10000 10 1.67795
10000 10 1.39978
10000 10 1.39764
10000 10 3.4892
10000 10 3.03792
10000 10 3.52598
10000 10 3.53307
10000 10 3.41311
10000 10 3.63532
10000 10 3.50821
10000 10 3.58663
10000 10 3.50982
10000 10 3.6991
10000 10 3.55305
10000 10 3.57823
