10000 1 10 0.00589107
10000 1 10 0.00579915
10000 1 10 0.00582688
10000 1 10 0.00573276
10000 1 10 0.00568567
10000 1 10 0.0108376
10000 1 10 0.00577723
10000 1 10 0.00587711
10000 1 10 0.00582985
10000 1 10 0.00580379
10000 1 10 0.00579435
10000 1 10 0.00573537
10000 1 10 0.00596374
10000 1 10 0.0119755
10000 1 10 0.00570775
10000 1 10 0.00574857
10000 1 10 0.00573371
10000 1 10 0.0132031
10000 1 10 0.00567796
10000 1 10 0.00572889
10000 1 10 0.00576917
10000 1 10 0.00581231
10000 1 10 0.0057615
10000 1 10 0.00571
10000 1 10 0.00591298
10000 1 10 0.00571254
10000 1 10 0.00582764
10000 1 10 0.00594607
10000 1 10 0.00556586
10000 1 10 0.00585229
1000 10 128 21281796
1000 10 128 21110379
1000 10 128 20723173
1000 10 128 20922035
1000 10 128 21447407
1000 10 128 21123479
1000 10 128 21280084
1000 10 128 21199376
1000 10 128 21106801
1000 10 128 20855272
1000 10 128 21515744
1000 10 128 0.0213133
1000 10 128 0.0211298
1000 10 128 0.02141
1000 10 128 0.0212887
1000 10 128 0.0215026
1000 10 128 0.0213915
