100 100 128 0.0291665
200 100 128 0.0430766
300 100 128 0.065298
400 100 128 0.0861129
500 100 128 0.109629
600 100 128 0.13352
700 100 128 0.171334
800 100 128 0.178464
900 100 128 0.19964
1000 100 128 0.222677
1100 100 128 0.244682
1200 100 128 0.258338
1300 100 128 0.284851
1400 100 128 0.311973
1500 100 128 0.340913
1600 100 128 0.354392
1700 100 128 0.383578
1800 100 128 0.440932
1900 100 128 0.464107
2000 100 128 0.458655
2100 100 128 0.512963
2200 100 128 0.98059
2300 100 128 0.525736
2400 100 128 0.573693
2500 100 128 0.566188
2600 100 128 0.644276
2700 100 128 0.609974
2800 100 128 0.685348
2900 100 128 0.665913
3000 100 128 0.68552
3100 100 128 0.712832
3200 100 128 0.731774
3300 100 128 0.815887
3400 100 128 0.834742
3500 100 128 0.798608
3600 100 128 0.795988
3700 100 128 0.872482
3800 100 128 0.88126
3900 100 128 0.968634
4000 100 128 0.939757
4100 100 128 0.949899
4200 100 128 0.948488
4300 100 128 1.04364
4400 100 128 1.01126
4500 100 128 1.12525
4600 100 128 1.13839
4700 100 128 1.17844
4800 100 128 1.16638
4900 100 128 1.12892
5000 100 128 1.16183
5100 100 128 1.21201
5200 100 128 1.21168
5300 100 128 1.31457
5400 100 128 1.23521
5500 100 128 1.25411
5600 100 128 1.27107
5700 100 128 1.36267
5800 100 128 1.38485
5900 100 128 1.3608
6000 100 128 1.37321
6100 100 128 1.49934
6200 100 128 1.37972
6300 100 128 1.4379
6400 100 128 1.43356
6500 100 128 1.50986
6600 100 128 1.6187
6700 100 128 1.56109
6800 100 128 1.65723
6900 100 128 1.70973
7000 100 128 1.75364
7100 100 128 1.62461
7200 100 128 1.77937
7300 100 128 1.67627
7400 100 128 1.82117
7500 100 128 1.7054
7600 100 128 1.70177
7700 100 128 1.71882
7800 100 128 1.87688
7900 100 128 1.86679
8000 100 128 1.8711
8100 100 128 1.85446
8200 100 128 1.96527
8300 100 128 1.86194
8400 100 128 1.88401
8500 100 128 2.0319
8600 100 128 2.06083
8700 100 128 2.02634
8800 100 128 2.04913
8900 100 128 2.22811
9000 100 128 2.15783
9100 100 128 2.14268
9200 100 128 2.17214
9300 100 128 2.16871
9400 100 128 2.19834
9500 100 128 2.21666
9600 100 128 2.26129
9700 100 128 2.27329
9800 100 128 2.30647
9900 100 128 2.32731
