1 0.00225259
2 0.00240158
3 0.00228513
4 0.00235129
5 0.00235061
6 0.00226756
7 0.00234434
8 0.00244931
9 0.00243421
10 0.00219181
11 0.00268059
12 0.00229905
13 0.00245057
14 0.00264765
15 0.00248036
16 0.0024822
17 0.00250522
18 0.00237118
19 0.00235058
20 0.00240383
21 0.00243718
22 0.0024394
23 0.00240886
24 0.00249119
25 0.00255531
26 0.00229453
27 0.00238807
28 0.00488601
29 0.00331517
30 0.00236428
31 0.00269059
32 0.00239144
33 0.00247622
34 0.00262524
35 0.00232167
36 0.00234808
37 0.00220157
38 0.00237019
39 0.00236077
40 0.00235449
41 0.00254269
42 0.00240946
43 0.00246125
44 0.00241933
45 0.00241661
46 0.00256357
47 0.00260012
48 0.00249191
49 0.00254194
50 0.0031557
51 0.00252026
52 0.0024021
53 0.00240982
54 0.00229881
55 0.00235721
56 0.00231856
57 0.00253073
58 0.00239593
59 0.00225254
60 0.00264658
61 0.00227885
62 0.00232837
63 0.00238506
64 0.00240503
65 0.00250205
66 0.00234286
67 0.00233427
68 0.00251726
69 0.00286858
70 0.00240208
71 0.00235686
72 0.00258273
73 0.0023464
74 0.00249137
75 0.00235149
76 0.00243293
77 0.0022732
78 0.00227171
79 0.00229673
80 0.00227659
81 0.002407
82 0.00251561
83 0.00230615
84 0.00244049
85 0.00232667
86 0.00233766
87 0.00233662
88 0.00238507
89 0.0022605
90 0.00234565
91 0.00242874
92 0.00267562
93 0.00241488
94 0.0024374
95 0.00231373
96 0.00230986
97 0.00240935
98 0.00243013
99 0.00234629
100 0.00273319
