100 100 128 0.0185881
200 100 128 0.0277173
300 100 128 0.046801
400 100 128 0.0585138
500 100 128 0.0716655
600 100 128 0.0911987
700 100 128 0.0948445
800 100 128 0.0983702
900 100 128 0.122628
1000 100 128 0.136131
1100 100 128 0.16172
1200 100 128 0.172651
1300 100 128 0.182223
1400 100 128 0.18032
1500 100 128 0.198986
1600 100 128 0.203618
1700 100 128 0.214542
1800 100 128 0.215054
1900 100 128 0.253623
2000 100 128 0.26186
2100 100 128 0.251755
2200 100 128 0.2952
2300 100 128 0.283156
2400 100 128 0.273726
2500 100 128 0.294243
2600 100 128 0.342471
2700 100 128 0.345758
2800 100 128 0.325136
2900 100 128 0.396105
3000 100 128 0.368111
3100 100 128 0.318048
3200 100 128 0.385781
3300 100 128 0.412833
3400 100 128 0.380285
3500 100 128 0.447073
3600 100 128 0.408846
3700 100 128 0.449454
3800 100 128 0.381019
3900 100 128 0.554132
4000 100 128 0.481176
4100 100 128 0.488688
4200 100 128 0.541388
4300 100 128 0.522302
4400 100 128 0.507762
4500 100 128 0.503419
4600 100 128 0.583344
4700 100 128 0.531539
4800 100 128 0.594307
4900 100 128 0.645181
5000 100 128 0.534426
5100 100 128 0.680684
5200 100 128 0.634489
5300 100 128 0.598732
5400 100 128 0.623954
5500 100 128 0.554617
5600 100 128 0.648323
5700 100 128 0.731468
5800 100 128 0.609959
5900 100 128 0.534899
6000 100 128 0.439793
6100 100 128 0.683461
6200 100 128 0.83427
6300 100 128 0.75234
6400 100 128 0.625183
6500 100 128 0.666165
6600 100 128 0.687105
6700 100 128 0.698821
6800 100 128 0.910927
6900 100 128 0.660683
7000 100 128 0.712668
7100 100 128 0.784477
7200 100 128 0.797112
7300 100 128 0.803983
7400 100 128 0.907929
7500 100 128 0.889935
7600 100 128 0.847565
7700 100 128 0.899937
7800 100 128 0.942527
7900 100 128 0.714065
8000 100 128 0.928425
8100 100 128 0.910869
8200 100 128 0.883841
8300 100 128 0.991466
8400 100 128 0.988965
8500 100 128 0.860506
8600 100 128 0.859807
8700 100 128 0.780913
8800 100 128 1.03999
8900 100 128 0.958862
9000 100 128 0.765907
9100 100 128 0.936915
9200 100 128 0.949827
9300 100 128 1.00596
9400 100 128 0.868219
9500 100 128 1.01416
9600 100 128 1.08192
9700 100 128 0.840658
9800 100 128 0.926924
9900 100 128 0.895661
