7 0.00218419
8 0.00150858
9 0.00161777
10 0.00165257
11 0.00105301
12 0.00142731
13 0.0012922
14 0.00132872
15 0.00375113
16 0.00160214
17 0.00166369
18 0.00228025
19 0.0025463
20 0.00176535
21 0.00190693
22 0.00210797
23 0.00259398
24 0.00171147
25 0.00179246
26 0.00166327
27 0.00165196
28 0.00172917
29 0.00216899
30 0.00162636
31 0.00195106
32 0.00267295
33 0.00253498
34 0.00173309
35 0.00226595
36 0.00253459
37 0.00276662
38 0.00245822
39 0.00164003
40 0.00161252
41 0.00240086
42 0.00186399
43 0.00207636
44 0.00209072
45 0.0021988
46 0.0019731
47 0.00210373
48 0.00213377
49 0.00195024
