10000 1 10 0.000101055
10000 1 10 5.8873e-05
10000 1 10 6.6552e-05
10000 1 10 7.4266e-05
10000 1 10 6.3096e-05
10000 1 10 0.000181694
10000 1 10 9.305e-05
10000 1 10 8.2581e-05
10000 1 10 9.4426e-05
10000 1 10 9.6841e-05
10000 1 10 6.5571e-05
10000 1 10 6.2565e-05
10000 1 10 0.000111334
10000 1 10 0.000192265
10000 1 10 0.0001134
10000 1 10 8.7342e-05
10000 1 10 6.8182e-05
10000 1 10 0.000213252
10000 1 10 8.931e-05
10000 1 10 0.00012232
10000 1 10 0.00010131
10000 1 10 9.7282e-05
10000 1 10 8.1601e-05
10000 1 10 0.000116035
10000 1 10 9.8017e-05
10000 1 10 9.129e-05
10000 1 10 0.000100466
10000 1 10 0.000105847
10000 1 10 0.000105899
10000 1 10 8.1551e-05
1000 10 128 1695450
1000 10 128 1803102
1000 10 128 4691859
1000 10 128 4721656
1000 10 128 4756417
1000 10 128 4289030
1000 10 128 4873194
1000 10 128 4577305
1000 10 128 4531870
1000 10 128 4620175
1000 10 128 4725093
1000 10 128 0.00454146
1000 10 128 0.00470092
1000 10 128 0.00502949
1000 10 128 0.00420696
1000 10 128 0.00471164
1000 10 128 0.00431953
