1 57.7143
2 55.4286
3 57.7143
4 62.8571
5 63.7143
6 62.5714
7 58.5714
8 58.2857
9 62.5714
10 56
11 68
12 57.7143
13 62.8571
14 62.2857
15 66.2857
16 62.5714
17 70.5714
18 64.2857
19 71.1429
20 67.7143
21 72.8571
22 59.1429
23 68.8571
24 65.1429
25 60
26 62.2857
27 58
28 61.4286
29 58.8571
30 55.4286
31 67.1429
32 67.7143
33 67.1429
34 67.1429
35 66.5714
36 69.7143
37 55.4286
38 63.7143
39 63.4286
40 64
41 66.5714
42 77.4286
43 72.2857
44 70.5714
45 59.4286
46 72.5714
47 62
48 68
49 56.2857
50 65.4286
51 67.7143
52 64.5714
53 66.2857
54 63.1429
55 63.7143
56 62.5714
57 58
58 58.2857
59 60.8571
60 56.8571
61 65.1429
62 59.1429
63 68.5714
64 68.5714
65 69.4286
66 62.5714
67 66.2857
68 68.2857
69 71.1429
70 60
71 67.1429
72 65.7143
73 63.4286
74 69.1429
75 59.4286
76 75.4286
77 58.2857
78 60.2857
79 57.1429
80 64.2857
81 61.7143
82 67.7143
83 60
84 69.7143
85 64.2857
86 63.1429
87 64.2857
88 66.5714
89 60.8571
90 70.8571
91 51.1429
92 59.1429
93 63.1429
94 66.2857
95 58.8571
96 60.2857
97 70.5714
98 77.7143
99 66.2857
100 79.7143
