10 128 0.000781047
20 128 0.00317155
30 128 0.00278457
40 128 0.00435637
50 128 0.00482339
60 128 0.00613187
70 128 0.0107267
80 128 0.0104905
90 128 0.015901
100 128 0.0120585
110 128 0.0157617
120 128 0.0181406
130 128 0.0200167
140 128 0.0218875
150 128 0.0228081
160 128 0.0272267
170 128 0.0321157
180 128 0.0301662
190 128 0.0305625
200 128 0.0544173
210 128 0.0381534
220 128 0.0448683
230 128 0.0434734
240 128 0.0651968
250 128 0.0427588
260 128 0.0603751
270 128 0.0731437
280 128 0.0574227
290 128 0.0687917
300 128 0.0690481
310 128 0.0794105
320 128 0.152617
330 128 0.0776093
340 128 0.0707108
350 128 0.0702833
360 128 0.0846115
370 128 0.0750476
380 128 0.134395
390 128 0.0787963
400 128 0.0982812
410 128 0.0908918
420 128 0.107999
430 128 0.122599
440 128 0.0920365
450 128 0.128089
460 128 0.11205
470 128 0.211624
480 128 0.147291
490 128 0.132218
500 128 0.130985
510 128 0.151546
520 128 0.121184
530 128 0.129092
540 128 0.141616
550 128 0.128552
560 128 0.15464
570 128 0.144469
580 128 0.151895
590 128 0.207701
600 128 0.2082
610 128 0.143944
620 128 0.174657
630 128 0.185516
640 128 0.175825
650 128 0.158099
660 128 0.210514
670 128 0.207806
680 128 0.25728
690 128 0.160106
700 128 0.172381
710 128 0.208668
720 128 0.220903
730 128 0.228036
740 128 0.177437
750 128 0.178685
760 128 0.197736
770 128 0.218186
780 128 0.248641
790 128 0.210819
800 128 0.197255
810 128 0.276738
820 128 0.192294
830 128 0.221886
840 128 0.24775
850 128 0.259833
860 128 0.230966
870 128 0.242484
880 128 0.305693
890 128 0.243379
900 128 0.301809
910 128 0.303138
920 128 0.262454
930 128 0.360582
940 128 0.280726
950 128 0.256749
960 128 0.280069
970 128 0.255032
980 128 0.304298
990 128 0.250301
1000 128 0.287618
1010 128 0.282889
1020 128 0.275866
1030 128 0.289397
1040 128 0.313766
1050 128 0.282439
1060 128 0.309717
1070 128 0.337121
1080 128 0.303217
1090 128 0.34363
1100 128 0.281298
1110 128 0.319203
1120 128 0.293154
1130 128 0.321183
1140 128 0.394636
1150 128 0.308134
1160 128 0.385923
1170 128 0.329224
1180 128 0.429909
1190 128 0.323982
1200 128 0.344501
1210 128 0.341216
1220 128 0.307589
1230 128 0.343656
1240 128 0.444682
1250 128 0.342053
1260 128 0.443037
1270 128 0.478559
1280 128 0.431003
1290 128 0.380404
1300 128 0.430493
1310 128 0.446486
1320 128 0.444851
1330 128 0.426589
1340 128 0.449179
1350 128 0.516005
1360 128 0.418105
1370 128 0.517349
1380 128 0.501625
1390 128 0.4613
1400 128 0.533662
1410 128 0.42636
1420 128 0.552891
1430 128 0.475383
1440 128 0.531804
1450 128 0.530128
1460 128 0.514567
1470 128 0.485481
1480 128 0.660317
1490 128 0.583916
1500 128 0.712843
1510 128 0.72235
1520 128 0.569864
1530 128 0.497968
1540 128 0.742181
1550 128 0.600664
1560 128 0.550271
1570 128 0.683293
1580 128 0.573604
1590 128 0.520449
1600 128 0.851528
1610 128 0.84816
1620 128 0.777255
1630 128 0.566028
1640 128 0.611509
1650 128 0.576122
1660 128 0.58449
1670 128 0.499597
1680 128 0.870264
1690 128 0.658863
1700 128 0.534779
1710 128 0.640247
1720 128 0.930601
1730 128 0.753411
1740 128 0.627446
1750 128 0.710417
1760 128 0.781155
1770 128 0.59495
1780 128 0.560017
1790 128 0.679847
1800 128 0.659207
1810 128 0.667926
1820 128 0.689214
1830 128 0.672756
1840 128 0.765675
1850 128 0.657918
1860 128 0.686081
1870 128 1.09773
1880 128 0.964045
1890 128 0.735244
1900 128 0.985571
1910 128 0.99252
1920 128 0.804831
1930 128 0.702048
1940 128 1.03584
1950 128 0.966149
1960 128 1.11927
1970 128 0.750075
1980 128 0.837433
1990 128 0.847446
2000 128 0.861205
2010 128 0.953481
2020 128 1.055
2030 128 0.787386
2040 128 0.701112
2050 128 0.807111
2060 128 0.86592
2070 128 1.20652
2080 128 0.973324
2090 128 1.10436
2100 128 0.85943
2110 128 0.920558
2120 128 0.827406
2130 128 0.952906
2140 128 1.00338
2150 128 1.05133
2160 128 0.888095
2170 128 1.03256
2180 128 1.19372
2190 128 1.1662
2200 128 1.21699
2210 128 1.03849
2220 128 1.01117
2230 128 0.901556
2240 128 1.22769
2250 128 0.996441
2260 128 1.10286
2270 128 1.12719
2280 128 1.03645
2290 128 1.14962
2300 128 1.14684
2310 128 0.991977
2320 128 1.11052
2330 128 1.3213
2340 128 0.948268
2350 128 1.32213
2360 128 0.950141
2370 128 1.35106
2380 128 1.04993
2390 128 1.15462
2400 128 1.18127
2410 128 1.16964
2420 128 1.11531
2430 128 1.30994
2440 128 1.01662
2450 128 1.20605
2460 128 0.951201
2470 128 1.3246
2480 128 1.45942
2490 128 1.50992
2500 128 1.45435
2510 128 0.962355
2520 128 1.36723
2530 128 1.27492
2540 128 1.40314
2550 128 1.29493
2560 128 1.50194
2570 128 1.0672
2580 128 1.05325
2590 128 1.18866
2600 128 1.51947
2610 128 1.09504
2620 128 1.40943
2630 128 1.32667
2640 128 1.31929
2650 128 1.55134
2660 128 1.51281
2670 128 1.46743
2680 128 1.34327
2690 128 1.46921
2700 128 1.52047
2710 128 1.64009
2720 128 1.32836
2730 128 1.26017
2740 128 1.62118
2750 128 1.85296
2760 128 1.77683
2770 128 1.60814
2780 128 1.77799
2790 128 1.3876
2800 128 1.80114
2810 128 1.66546
2820 128 1.34299
2830 128 1.92519
2840 128 1.91575
2850 128 1.9113
2860 128 1.85464
2870 128 1.64801
2880 128 1.34112
2890 128 1.66584
2900 128 1.87118
2910 128 1.95143
2920 128 1.48257
2930 128 1.6838
2940 128 1.58392
2950 128 1.57503
2960 128 1.6863
2970 128 1.60762
2980 128 1.82266
2990 128 1.79164
3000 128 1.54838
3010 128 1.9632
3020 128 1.80857
3030 128 1.77525
3040 128 1.92361
3050 128 1.5474
3060 128 2.088
3070 128 1.59883
3080 128 1.78787
3090 128 1.74186
3100 128 1.72875
3110 128 2.08312
3120 128 2.04814
3130 128 1.87249
3140 128 1.81697
3150 128 1.76867
3160 128 1.9981
3170 128 1.49936
3180 128 1.67788
3190 128 1.92621
3200 128 2.11642
3210 128 1.69348
3220 128 2.05056
3230 128 1.67298
3240 128 1.98066
3250 128 2.16716
3260 128 2.1603
3270 128 2.10773
3280 128 1.76205
3290 128 1.95763
3300 128 1.74711
3310 128 2.22372
3320 128 1.88654
3330 128 1.98389
3340 128 1.70066
3350 128 1.97122
3360 128 1.68524
3370 128 1.99224
3380 128 1.72604
3390 128 2.36472
3400 128 1.856
3410 128 2.17651
3420 128 2.43468
3430 128 2.42633
3440 128 2.3613
3450 128 1.75814
3460 128 1.76349
3470 128 2.36793
3480 128 1.98146
3490 128 1.73863
3500 128 2.45242
3510 128 2.51209
3520 128 1.70613
3530 128 1.71766
3540 128 2.44892
3550 128 2.06604
3560 128 2.18699
3570 128 2.19816
3580 128 2.44458
3590 128 2.18275
3600 128 2.37761
3610 128 2.44542
3620 128 2.10961
3630 128 2.1471
3640 128 2.32343
3650 128 2.44937
3660 128 2.50087
3670 128 2.56213
3680 128 2.76889
3690 128 2.02964
3700 128 2.28532
3710 128 2.42752
3720 128 2.15034
3730 128 1.91689
3740 128 2.5814
3750 128 2.23428
3760 128 2.69632
3770 128 2.29489
3780 128 2.30537
3790 128 2.84229
3800 128 2.90971
3810 128 2.47083
3820 128 2.51753
3830 128 2.67585
3840 128 2.85619
3850 128 2.6659
3860 128 2.27987
3870 128 2.93851
3880 128 2.85967
3890 128 2.9996
3900 128 2.65046
3910 128 3.0033
3920 128 2.89264
3930 128 2.93288
3940 128 2.67841
3950 128 2.86934
3960 128 2.50885
3970 128 2.48254
3980 128 2.93301
3990 128 2.83205
4000 128 2.64685
4010 128 2.50362
4020 128 2.7611
4030 128 2.68436
4040 128 2.43434
4050 128 2.52839
4060 128 2.8328
4070 128 2.92464
4080 128 2.69593
4090 128 2.90604
4100 128 2.68427
4110 128 2.13098
4120 128 2.71049
4130 128 2.93213
4140 128 2.8208
4150 128 3.06115
4160 128 3.06087
4170 128 2.7298
4180 128 2.91376
4190 128 2.739
4200 128 2.05761
4210 128 2.20676
4220 128 2.76961
4230 128 2.35877
4240 128 2.72575
4250 128 2.63916
4260 128 2.29814
4270 128 2.8239
4280 128 2.49045
4290 128 3.02171
4300 128 2.68959
4310 128 3.01481
4320 128 2.60516
4330 128 2.84529
4340 128 2.83915
4350 128 2.86721
4360 128 2.73117
4370 128 2.95844
4380 128 3.11193
4390 128 3.09862
4400 128 2.30932
4410 128 2.42058
4420 128 2.68822
4430 128 2.46909
4440 128 2.38934
4450 128 3.23934
4460 128 3.52017
4470 128 2.96615
4480 128 2.98812
4490 128 2.69454
4500 128 2.71883
4510 128 3.15084
4520 128 2.56221
4530 128 3.44667
4540 128 3.03058
4550 128 3.30484
4560 128 3.55533
4570 128 3.8383
4580 128 3.49878
4590 128 2.7146
4600 128 2.6383
4610 128 2.81442
4620 128 3.24214
4630 128 3.29967
4640 128 2.86492
4650 128 3.50151
4660 128 3.17984
4670 128 3.05324
4680 128 3.00003
4690 128 3.0687
4700 128 2.93939
4710 128 3.44238
4720 128 2.91193
4730 128 3.5133
4740 128 3.59242
4750 128 3.19387
4760 128 3.48485
4770 128 3.11571
4780 128 2.88827
4790 128 3.47277
4800 128 3.72506
4810 128 2.98753
4820 128 2.78471
4830 128 3.34037
4840 128 3.02313
4850 128 3.42991
4860 128 3.34044
4870 128 3.40646
4880 128 3.3784
4890 128 2.815
4900 128 3.19826
4910 128 3.20137
4920 128 3.03257
4930 128 2.38486
4940 128 2.76888
4950 128 3.63351
4960 128 3.04675
4970 128 3.33429
4980 128 2.89605
4990 128 3.22072
5000 128 3.51021
5010 128 3.7158
5020 128 3.00843
5030 128 3.57097
5040 128 3.16061
5050 128 3.22732
5060 128 3.55398
5070 128 3.28142
5080 128 3.23014
5090 128 3.28314
5100 128 3.05715
5110 128 3.36321
5120 128 2.78233
5130 128 3.3766
5140 128 3.65864
5150 128 3.64724
5160 128 3.68246
5170 128 2.90991
5180 128 3.77416
5190 128 3.61914
5200 128 2.96613
5210 128 3.43876
5220 128 2.94385
5230 128 3.58335
5240 128 3.79501
5250 128 3.10094
5260 128 4.50214
5270 128 3.54271
5280 128 4.12276
5290 128 3.80396
5300 128 3.49955
5310 128 2.95364
5320 128 3.48026
5330 128 3.79664
5340 128 3.44712
5350 128 4.30896
5360 128 4.52211
5370 128 3.58796
5380 128 3.44671
5390 128 4.31861
5400 128 3.39686
5410 128 3.50125
5420 128 3.04453
5430 128 4.07002
5440 128 3.44949
5450 128 3.50318
5460 128 4.17031
5470 128 3.7307
5480 128 3.64958
5490 128 4.06386
5500 128 4.02124
5510 128 4.7778
5520 128 6.04833
5530 128 4.01675
5540 128 4.30643
5550 128 4.03843
5560 128 4.72933
5570 128 4.44297
5580 128 4.03878
5590 128 3.51473
5600 128 3.65869
5610 128 3.39378
5620 128 3.29941
5630 128 3.96076
5640 128 4.40332
5650 128 4.22723
5660 128 4.34917
5670 128 3.8972
5680 128 4.411
5690 128 3.72563
5700 128 4.08826
5710 128 4.0656
5720 128 3.83019
5730 128 4.0968
5740 128 4.30089
5750 128 4.62479
5760 128 3.89208
5770 128 4.30876
5780 128 4.66461
5790 128 4.11283
5800 128 4.7354
5810 128 4.04845
5820 128 4.04812
5830 128 4.59216
5840 128 4.68962
5850 128 4.33843
5860 128 4.25976
5870 128 4.41542
5880 128 4.46768
5890 128 3.51217
5900 128 4.02018
5910 128 4.0212
5920 128 4.23607
5930 128 3.79771
5940 128 4.7395
5950 128 4.97992
5960 128 4.00818
5970 128 4.21421
5980 128 4.86642
5990 128 4.07222
6000 128 3.78611
6010 128 4.8764
6020 128 4.49813
6030 128 3.92118
6040 128 4.73416
6050 128 4.54195
6060 128 4.81304
6070 128 4.04805
6080 128 4.43163
6090 128 3.7543
6100 128 4.86226
6110 128 4.65206
6120 128 4.03909
6130 128 4.09061
6140 128 5.03851
6150 128 4.41775
6160 128 4.2532
6170 128 4.30903
6180 128 5.01305
6190 128 4.4982
6200 128 4.4007
6210 128 4.80318
6220 128 4.07044
6230 128 4.37553
6240 128 4.95204
6250 128 4.95215
6260 128 4.70866
6270 128 3.97812
6280 128 5.02957
6290 128 4.93058
6300 128 3.95259
6310 128 4.72879
6320 128 5.39317
6330 128 5.11161
6340 128 4.9798
6350 128 5.01497
6360 128 5.07355
6370 128 4.47802
6380 128 4.93398
6390 128 4.49885
6400 128 5.16323
6410 128 5.19119
6420 128 4.23215
6430 128 5.15098
6440 128 4.48297
6450 128 5.18213
6460 128 4.29684
6470 128 4.98352
6480 128 4.47905
6490 128 4.11746
6500 128 3.608
6510 128 4.28815
6520 128 4.00567
6530 128 4.69103
6540 128 4.93855
6550 128 4.59658
6560 128 5.01
6570 128 4.2639
6580 128 5.21769
6590 128 4.57881
6600 128 4.89959
6610 128 5.11915
6620 128 5.24062
6630 128 4.5601
6640 128 5.50387
6650 128 5.58822
6660 128 5.36181
6670 128 5.42002
6680 128 5.38101
6690 128 3.97562
6700 128 5.28164
6710 128 5.17383
6720 128 5.21034
6730 128 5.41261
6740 128 4.83822
6750 128 5.4562
6760 128 4.89988
6770 128 5.54107
6780 128 6.19213
6790 128 5.73007
6800 128 5.26916
6810 128 4.66547
6820 128 5.76369
6830 128 4.57339
6840 128 5.96733
6850 128 5.71185
6860 128 5.70849
6870 128 5.69871
6880 128 4.56715
6890 128 5.35324
6900 128 5.43656
6910 128 5.68955
6920 128 5.72749
6930 128 5.1156
6940 128 5.74315
6950 128 5.10941
6960 128 4.66394
6970 128 6.03153
6980 128 5.36544
6990 128 4.73134
7000 128 4.83588
7010 128 5.4795
7020 128 4.84486
7030 128 6.09697
7040 128 5.14898
7050 128 5.79015
7060 128 5.28743
7070 128 6.0696
7080 128 5.76887
7090 128 5.54428
7100 128 6.16516
7110 128 5.34045
7120 128 5.47963
7130 128 4.89459
7140 128 5.39892
7150 128 6.40365
7160 128 5.37155
7170 128 5.29013
7180 128 5.76334
7190 128 6.32094
7200 128 4.91881
7210 128 5.19499
7220 128 5.82304
7230 128 6.04946
7240 128 5.99167
7250 128 5.40225
7260 128 5.38585
7270 128 5.31041
7280 128 5.93427
7290 128 6.09712
7300 128 5.69778
7310 128 5.28269
7320 128 5.9072
7330 128 5.70806
7340 128 6.58309
7350 128 5.94634
7360 128 5.94159
7370 128 4.69112
7380 128 5.56018
7390 128 6.07682
7400 128 6.48344
7410 128 6.51555
7420 128 6.03346
7430 128 6.38019
7440 128 5.61595
7450 128 6.20204
7460 128 5.41608
7470 128 6.02431
7480 128 6.24253
7490 128 6.37861
7500 128 6.29708
7510 128 5.36896
7520 128 6.53254
7530 128 6.21794
7540 128 6.41248
7550 128 6.29336
7560 128 6.54487
7570 128 6.07064
7580 128 5.2305
7590 128 5.80245
7600 128 5.97883
7610 128 5.88039
7620 128 5.84665
7630 128 6.19193
7640 128 6.79146
7650 128 5.34312
7660 128 6.44063
7670 128 6.06529
7680 128 6.44941
7690 128 6.02861
7700 128 6.2727
7710 128 5.6978
7720 128 6.19357
7730 128 6.20488
7740 128 6.42882
7750 128 5.7409
7760 128 6.04917
7770 128 6.73814
7780 128 6.5551
7790 128 6.27024
7800 128 6.76026
7810 128 6.8
7820 128 6.02887
7830 128 6.60918
7840 128 5.83685
7850 128 6.33674
7860 128 6.55056
7870 128 6.44823
7880 128 5.81213
7890 128 7.1435
7900 128 6.64933
7910 128 6.70382
7920 128 6.23148
7930 128 6.24315
7940 128 5.68679
7950 128 6.33342
7960 128 6.17048
7970 128 6.90157
7980 128 6.3823
7990 128 7.22436
8000 128 6.23954
8010 128 7.23659
8020 128 6.1445
8030 128 6.53729
8040 128 6.60344
8050 128 6.47192
8060 128 6.6015
8070 128 6.49559
8080 128 7.03096
8090 128 6.47295
8100 128 6.98914
8110 128 7.26118
8120 128 7.2679
8130 128 6.95371
8140 128 7.26434
8150 128 6.71863
8160 128 7.19035
8170 128 6.79869
8180 128 6.14076
8190 128 7.02944
8200 128 6.78312
8210 128 6.5122
8220 128 7.3454
8230 128 6.21117
8240 128 7.16197
8250 128 6.5268
8260 128 7.51774
8270 128 6.67703
8280 128 6.64412
8290 128 6.78333
8300 128 6.64844
8310 128 6.3863
8320 128 6.74244
8330 128 6.84434
8340 128 7.00986
8350 128 7.29699
8360 128 6.83635
8370 128 6.71597
8380 128 7.26316
8390 128 7.3428
8400 128 6.6931
8410 128 6.47737
8420 128 6.82847
8430 128 6.92473
8440 128 6.49354
8450 128 6.65258
8460 128 6.8892
8470 128 6.69611
8480 128 6.80675
8490 128 6.7477
8500 128 7.71435
8510 128 7.14615
8520 128 6.58083
8530 128 6.71012
8540 128 6.50716
8550 128 7.67621
8560 128 7.49454
8570 128 7.37071
8580 128 7.68184
8590 128 7.25553
8600 128 7.76001
8610 128 8.49618
8620 128 6.96138
8630 128 7.40008
8640 128 7.76083
8650 128 7.66533
8660 128 7.60649
8670 128 7.59946
8680 128 7.31436
8690 128 7.18099
8700 128 9.83768
8710 128 7.86418
8720 128 7.08359
8730 128 7.24749
8740 128 8.06338
8750 128 6.69704
8760 128 7.5676
8770 128 7.37176
8780 128 8.26761
8790 128 7.16164
8800 128 6.89123
8810 128 7.7027
8820 128 7.40954
8830 128 7.55557
8840 128 8.35374
8850 128 7.18478
8860 128 7.70129
8870 128 7.87852
8880 128 6.481
8890 128 7.14534
8900 128 7.42613
8910 128 7.30389
8920 128 8.27919
8930 128 7.73109
8940 128 7.2068
8950 128 7.75791
8960 128 6.50176
8970 128 7.51746
8980 128 7.97968
8990 128 6.82822
9000 128 6.79578
9010 128 7.6953
9020 128 8.13657
9030 128 8.54744
9040 128 6.7357
9050 128 7.7906
9060 128 7.97827
9070 128 8.23134
9080 128 8.33658
9090 128 8.42377
9100 128 8.16264
9110 128 8.35489
9120 128 7.18445
9130 128 8.12635
9140 128 7.80961
9150 128 7.3101
9160 128 7.95823
9170 128 8.13296
9180 128 8.38363
9190 128 8.28227
9200 128 7.53611
9210 128 8.17187
9220 128 7.3484
9230 128 8.21003
9240 128 8.42289
9250 128 8.26709
9260 128 8.47634
9270 128 7.92395
9280 128 7.85923
9290 128 6.43478
9300 128 8.27421
9310 128 8.57336
9320 128 7.46797
9330 128 8.4046
9340 128 7.73726
9350 128 8.93367
9360 128 8.3464
9370 128 7.73527
9380 128 8.21493
9390 128 8.60737
9400 128 8.13943
9410 128 8.23727
9420 128 7.86401
9430 128 7.99496
9440 128 7.7875
9450 128 7.72397
9460 128 8.09575
9470 128 8.47306
9480 128 8.61688
9490 128 7.80263
9500 128 8.51483
9510 128 8.40338
9520 128 8.13258
9530 128 8.42122
9540 128 8.30308
9550 128 8.32246
9560 128 7.96152
9570 128 7.86858
9580 128 7.80581
9590 128 8.69904
9600 128 8.90409
9610 128 8.4061
9620 128 9.13854
9630 128 9.00247
9640 128 8.58904
9650 128 8.35103
9660 128 8.51753
9670 128 8.88831
9680 128 9.24144
9690 128 8.53416
9700 128 8.68002
9710 128 8.62761
9720 128 8.45211
9730 128 8.26955
9740 128 9.02283
9750 128 9.48459
9760 128 9.61002
9770 128 8.06245
9780 128 7.76237
9790 128 8.94859
9800 128 9.06934
9810 128 8.94523
9820 128 8.48459
9830 128 9.62026
9840 128 9.02002
9850 128 7.05337
9860 128 8.84932
9870 128 8.6919
9880 128 9.37706
9890 128 8.50016
9900 128 8.4766
9910 128 9.09557
9920 128 9.3517
9930 128 8.87719
9940 128 8.64398
9950 128 8.94405
9960 128 8.95873
9970 128 8.37397
9980 128 7.37048
9990 128 8.43099
1000 128 0.314865
1000 128 0.290804
1000 128 0.293168
1000 128 0.271362
1000 128 0.298537
1000 128 0.29606
1000 128 0.248577
1000 128 0.307603
1000 128 0.28256
1000 128 0.277527
1000 128 0.303721
1000 128 0.354848
1000 128 0.284873
1000 128 0.287129
1000 128 0.321235
1000 128 0.283172
1000 128 0.27245
100 128 0.0240864
200 128 0.0356001
300 128 0.0656076
400 128 0.08381
500 128 0.112914
600 128 0.127574
700 128 0.169134
800 128 0.257575
900 128 0.298963
1000 128 0.436783
1100 128 0.285245
1200 128 0.385967
1300 128 0.372334
1400 128 0.496573
1500 128 0.572396
1600 128 0.509827
1700 128 0.806124
1800 128 0.607037
1900 128 0.933232
2000 128 1.23818
2100 128 1.07883
2200 128 0.84884
2300 128 1.40612
2400 128 1.49591
2500 128 0.899432
2600 128 1.60279
2700 128 1.72917
2800 128 1.5891
2900 128 1.25593
3000 128 1.72664
3100 128 1.51066
3200 128 1.95982
3300 128 2.07127
3400 128 2.18224
3500 128 2.38672
3600 128 2.39044
3700 128 2.58215
3800 128 2.06741
3900 128 2.76534
4000 128 2.80411
4100 128 2.69782
4200 128 2.42531
4300 128 3.03075
4400 128 3.27554
4500 128 2.4434
4600 128 3.26612
4700 128 3.42476
4800 128 3.63637
4900 128 3.72971
5000 128 2.90567
5100 128 3.53311
5200 128 4.12137
5300 128 3.4503
5400 128 3.92183
5500 128 3.53765
5600 128 3.92317
5700 128 3.49443
5800 128 4.10082
5900 128 3.94041
6000 128 5.00661
6100 128 4.63374
6200 128 4.43758
6300 128 4.11654
6400 128 4.26846
6500 128 5.0359
6600 128 4.83447
6700 128 4.76929
6800 128 5.71856
6900 128 4.67422
7000 128 5.24812
7100 128 5.52343
7200 128 5.73916
7300 128 6.61
7400 128 6.11441
7500 128 6.27909
7600 128 5.46162
7700 128 6.70597
7800 128 6.75197
7900 128 6.22987
8000 128 6.85199
8100 128 6.86121
8200 128 6.06447
8300 128 6.78806
8400 128 6.69901
8500 128 6.82213
8600 128 7.89743
8700 128 7.74187
8800 128 7.39309
8900 128 6.99496
9000 128 7.60944
9100 128 6.65466
9200 128 8.29988
9300 128 7.38572
9400 128 8.28728
9500 128 8.66701
9600 128 8.45181
9700 128 9.24733
9800 128 8.37465
9900 128 8.88903
100 128 0.029075
200 128 0.0555995
300 128 0.0628201
400 128 0.136094
500 128 0.133706
600 128 0.207872
700 128 0.208495
800 128 0.220804
900 128 0.226417
1000 128 0.259806
1100 128 0.319665
1200 128 0.338855
1300 128 0.451395
1400 128 0.492825
1500 128 0.496904
1600 128 0.64394
1700 128 0.572296
1800 128 0.781638
1900 128 0.874014
2000 128 0.872488
2100 128 0.962985
2200 128 1.31796
2300 128 0.989266
2400 128 1.21459
2500 128 1.23616
2600 128 1.54482
2700 128 1.27978
2800 128 1.29644
2900 128 1.4666
3000 128 1.87494
3100 128 1.86813
3200 128 1.80412
3300 128 2.19621
3400 128 2.12239
3500 128 2.7966
3600 128 2.49934
3700 128 2.48343
3800 128 2.65319
3900 128 2.77509
4000 128 2.43738
4100 128 2.38881
4200 128 2.92111
4300 128 2.65478
4400 128 2.79676
4500 128 2.75125
4600 128 2.92983
4700 128 3.79005
4800 128 3.25316
4900 128 3.22962
5000 128 3.98793
5100 128 2.80432
5200 128 3.52118
5300 128 4.12201
5400 128 3.34623
5500 128 4.24136
5600 128 3.55337
5700 128 6.9257
5800 128 4.94324
5900 128 4.75328
6000 128 4.95432
6100 128 4.94218
6200 128 5.39632
6300 128 4.14261
6400 128 5.30919
6500 128 5.73963
6600 128 6.35365
6700 128 5.86941
6800 128 4.90511
6900 128 5.25277
7000 128 5.79118
7100 128 6.09228
7200 128 5.33904
7300 128 6.24764
7400 128 6.81682
7500 128 6.91852
7600 128 6.91989
7700 128 6.58972
7800 128 5.79769
7900 128 7.10766
8000 128 6.6258
8100 128 8.86587
8200 128 7.07616
8300 128 7.14192
8400 128 9.37349
8500 128 7.33123
8600 128 7.39724
8700 128 8.31416
8800 128 8.06676
8900 128 8.55149
9000 128 10.118
9100 128 7.96541
9200 128 8.55395
9300 128 8.99072
9400 128 9.09793
9500 128 8.49255
9600 128 9.01331
9700 128 8.56633
9800 128 8.19484
9900 128 8.95135
100 128 0.0221173
200 128 0.036763
300 128 0.0592417
400 128 0.10446
500 128 0.124638
600 128 0.136926
700 128 0.17775
800 128 0.210264
900 128 0.258659
1000 128 0.246893
1100 128 0.308225
1200 128 0.348453
1300 128 0.435301
1400 128 0.40713
1500 128 0.417481
1600 128 0.672434
1700 128 0.874704
1800 128 0.935346
1900 128 0.753619
2000 128 0.880436
2100 128 0.810655
2200 128 1.15789
2300 128 1.32861
2400 128 1.43049
2500 128 1.19723
2600 128 1.36583
2700 128 1.28516
2800 128 1.63793
2900 128 1.51875
3000 128 1.9262
3100 128 2.13528
3200 128 1.63346
3300 128 2.27204
3400 128 2.04509
3500 128 2.07688
3600 128 2.07233
3700 128 2.68003
3800 128 4.23067
3900 128 2.44323
4000 128 4.9681
4100 128 2.64416
4200 128 5.14997
4300 128 2.85786
4400 128 2.75926
4500 128 3.38565
4600 128 2.75109
4700 128 3.13243
4800 128 4.75594
4900 128 3.33098
5000 128 3.38117
5100 128 4.01655
5200 128 4.14024
5300 128 3.47031
5400 128 4.1379
5500 128 3.90219
5600 128 4.4604
5700 128 4.22822
5800 128 4.41491
5900 128 4.29113
6000 128 3.94998
6100 128 4.45
6200 128 4.5043
6300 128 4.39179
6400 128 4.61059
6500 128 4.68735
6600 128 5.11377
6700 128 5.17868
6800 128 5.31522
6900 128 4.78622
7000 128 5.68809
7100 128 4.97453
7200 128 4.98788
7300 128 6.20386
7400 128 5.8819
7500 128 6.567
7600 128 5.21351
7700 128 6.11102
7800 128 7.87558
7900 128 7.57924
8000 128 9.49278
8100 128 6.20221
8200 128 6.75766
8300 128 6.52107
8400 128 9.90482
8500 128 7.37124
8600 128 9.89216
8700 128 10.2023
8800 128 7.7328
8900 128 8.28669
9000 128 7.66615
9100 128 7.09468
9200 128 7.63262
9300 128 7.0249
9400 128 7.43518
9500 128 8.3165
9600 128 8.29852
9700 128 8.16403
9800 128 8.37849
9900 128 8.47516
100 128 0.0116621
200 128 0.0326349
300 128 0.074014
400 128 0.0981632
500 128 0.118694
600 128 0.141067
700 128 0.192805
800 128 0.267035
900 128 0.241656
1000 128 0.285947
1100 128 0.381052
1200 128 0.35563
1300 128 0.554074
1400 128 0.472747
1500 128 0.446653
1600 128 0.53274
1700 128 0.583458
1800 128 0.659718
1900 128 0.882214
2000 128 0.730314
2100 128 1.03199
2200 128 1.00046
2300 128 1.03182
2400 128 1.27297
2500 128 1.32005
2600 128 1.53448
2700 128 1.59562
2800 128 1.18562
2900 128 1.73123
3000 128 1.75632
3100 128 1.49427
3200 128 1.68156
3300 128 1.86687
3400 128 2.3676
3500 128 2.37796
3600 128 1.99885
3700 128 2.4184
3800 128 2.62682
3900 128 2.71937
4000 128 2.57965
4100 128 2.05616
4200 128 2.1062
4300 128 2.46983
4400 128 3.02641
4500 128 2.90014
4600 128 3.25698
4700 128 3.31728
4800 128 3.81083
4900 128 2.95824
5000 128 2.842
5100 128 3.20757
5200 128 3.65688
5300 128 3.66267
5400 128 3.6624
5500 128 3.98591
5600 128 3.90049
5700 128 3.50444
5800 128 4.39459
5900 128 4.97609
6000 128 4.63363
6100 128 4.60456
6200 128 4.09215
6300 128 5.17229
6400 128 4.22245
6500 128 4.67662
6600 128 4.81238
6700 128 5.12987
6800 128 5.99616
6900 128 5.82878
7000 128 5.25337
7100 128 5.37832
7200 128 5.88508
7300 128 5.45039
7400 128 6.11516
7500 128 6.02609
7600 128 5.37566
7700 128 6.31841
7800 128 7.2955
7900 128 6.60757
8000 128 6.57399
8100 128 5.23216
8200 128 7.44639
8300 128 7.13484
8400 128 6.89271
8500 128 7.1547
8600 128 7.43047
8700 128 8.31477
8800 128 7.19293
8900 128 7.41151
9000 128 7.32512
9100 128 7.43436
9200 128 7.41677
9300 128 8.33256
9400 128 7.99969
9500 128 8.7292
9600 128 7.42456
9700 128 8.85636
9800 128 9.05762
9900 128 8.20352
1000 128 0.288961
100 128 0.0284505
200 128 0.0622625
300 128 0.0926248
400 128 0.158827
500 128 0.261795
600 128 0.226929
700 128 0.373145
800 128 0.408847
900 128 0.539524
1000 128 0.514007
1100 128 0.532532
1200 128 0.684518
1300 128 0.948484
1400 128 0.891743
1500 128 0.980422
1600 128 1.25112
1700 128 1.08173
1800 128 1.542
1900 128 1.86354
2000 128 1.93284
2100 128 1.71948
2200 128 1.51417
2300 128 2.76751
2400 128 2.55536
2500 128 3.00946
2600 128 3.38803
2700 128 2.47979
2800 128 2.84692
2900 128 3.64826
3000 128 3.82974
3100 128 3.05452
3200 128 2.90121
3300 128 4.37601
3400 128 3.68881
3500 128 4.72396
3600 128 3.66648
3700 128 4.08689
3800 128 5.34509
3900 128 5.56717
4000 128 5.34228
4100 128 5.5605
4200 128 6.15862
4300 128 6.26055
4400 128 6.14125
4500 128 5.71649
4600 128 6.76459
4700 128 5.65616
4800 128 8.91833
4900 128 7.12849
5000 128 7.12507
5100 128 6.2131
5200 128 5.71073
5300 128 7.56559
5400 128 7.8208
5500 128 8.70554
5600 128 8.26517
5700 128 5.95064
5800 128 9.06214
5900 128 8.73204
6000 128 11.2875
6100 128 8.99601
6200 128 9.39987
6300 128 9.30893
6400 128 9.48283
6500 128 9.86063
6600 128 9.89579
6700 128 10.5643
6800 128 9.31704
6900 128 10.4149
7000 128 13.2032
7100 128 11.0288
7200 128 11.0974
7300 128 11.4254
7400 128 11.161
7500 128 11.075
7600 128 11.3977
7700 128 11.3566
7800 128 12.562
7900 128 11.7003
8000 128 12.6826
8100 128 13.2154
8200 128 12.8324
8300 128 13.3712
8400 128 17.0187
8500 128 14.1173
8600 128 13.8429
8700 128 14.0066
8800 128 14.3742
8900 128 14.6928
9000 128 14.364
9100 128 14.9777
9200 128 15.4659
9300 128 17.5747
9400 128 15.7431
9500 128 15.5149
9600 128 15.3457
9700 128 15.892
9800 128 16.6013
9900 128 16.651
100 128 0.0345055
200 128 0.0628758
300 128 0.148942
400 128 0.151892
500 128 0.277932
600 128 0.35493
700 128 0.507606
800 128 0.360183
900 128 0.526826
1000 128 0.859514
1100 128 0.824106
1200 128 0.833484
1300 128 0.906828
1400 128 0.790014
1500 128 1.06225
1600 128 1.76154
1700 128 1.5574
1800 128 1.46901
1900 128 1.85233
2000 128 1.6705
2100 128 2.08163
2200 128 2.21748
2300 128 3.30697
2400 128 1.82833
2500 128 3.34551
2600 128 3.51746
2700 128 2.74677
2800 128 3.60902
2900 128 3.74483
3000 128 2.72808
3100 128 4.22345
3200 128 4.16652
3300 128 3.49167
3400 128 3.89197
3500 128 4.67256
3600 128 5.04673
3700 128 4.70214
3800 128 5.33713
3900 128 5.37209
4000 128 6.75009
4100 128 5.86555
4200 128 6.26317
4300 128 5.74685
4400 128 4.76562
4500 128 6.12868
4600 128 4.42757
4700 128 9.59875
4800 128 9.47392
4900 128 7.29945
5000 128 9.47607
5100 128 9.45534
5200 128 10.397
5300 128 7.98085
5400 128 7.94953
5500 128 8.02266
5600 128 7.89684
5700 128 8.36172
5800 128 9.19636
5900 128 8.44309
6000 128 8.53252
6100 128 9.2139
6200 128 9.38466
6300 128 9.50986
6400 128 9.61986
6500 128 9.35694
6600 128 9.727
6700 128 10.1307
6800 128 10.9833
6900 128 10.8114
7000 128 11.537
7100 128 10.0567
7200 128 11.4814
7300 128 11.1834
7400 128 11.0534
7500 128 11.8607
7600 128 12.4423
7700 128 11.6
7800 128 11.6688
7900 128 12.0644
8000 128 12.6425
8100 128 13.3374
8200 128 10.37
8300 128 12.2014
8400 128 12.1865
8500 128 12.7447
8600 128 13.7755
8700 128 13.818
8800 128 14.2962
8900 128 14.6989
9000 128 15.3507
9100 128 17.7445
9200 128 14.9351
9300 128 14.7906
9400 128 15.2568
9500 128 15.5273
9600 128 15.24
9700 128 15.7768
9800 128 16.0652
9900 128 16.2661
