100 100 128 0.019093
200 100 128 0.0389012
300 100 128 0.0656657
400 100 128 0.082236
500 100 128 0.095192
600 100 128 0.114842
700 100 128 0.134158
800 100 128 0.152831
900 100 128 0.17183
1000 100 128 0.190512
1100 100 128 0.211504
1200 100 128 0.248853
1300 100 128 0.253385
1400 100 128 0.272779
1500 100 128 0.286317
1600 100 128 0.332139
1700 100 128 0.350752
1800 100 128 0.340151
1900 100 128 0.349652
2000 100 128 0.403752
2100 100 128 0.426326
2200 100 128 0.407444
2300 100 128 0.43717
2400 100 128 0.468837
2500 100 128 0.488746
2600 100 128 0.505667
2700 100 128 0.517445
2800 100 128 0.572477
2900 100 128 0.598201
3000 100 128 0.577959
3100 100 128 0.594631
3200 100 128 0.654243
3300 100 128 0.635276
3400 100 128 0.65688
3500 100 128 0.669676
3600 100 128 0.685269
3700 100 128 0.70465
3800 100 128 0.724883
3900 100 128 0.741315
4000 100 128 0.763527
4100 100 128 0.783632
4200 100 128 0.800427
4300 100 128 0.819267
4400 100 128 0.837168
4500 100 128 0.920989
4600 100 128 0.940666
4700 100 128 0.947098
4800 100 128 0.919935
4900 100 128 0.937921
5000 100 128 0.997265
5100 100 128 1.04321
5200 100 128 0.994499
5300 100 128 1.05285
5400 100 128 1.0949
5500 100 128 1.05304
5600 100 128 1.10301
5700 100 128 1.16342
5800 100 128 1.11069
5900 100 128 1.20616
6000 100 128 1.22534
6100 100 128 1.16742
6200 100 128 1.18808
6300 100 128 1.25611
6400 100 128 1.30841
6500 100 128 1.32816
6600 100 128 1.34745
6700 100 128 1.35514
6800 100 128 1.29827
6900 100 128 1.3227
7000 100 128 1.35644
7100 100 128 1.45336
7200 100 128 2.572
7300 100 128 1.39392
7400 100 128 1.49743
7500 100 128 1.46551
7600 100 128 1.52677
7700 100 128 1.5646
7800 100 128 1.55059
7900 100 128 1.56843
8000 100 128 1.6807
8100 100 128 1.54847
8200 100 128 1.57297
8300 100 128 1.63634
8400 100 128 1.67783
8500 100 128 1.72499
8600 100 128 1.74895
8700 100 128 1.74204
8800 100 128 1.69962
8900 100 128 1.72655
9000 100 128 1.73839
9100 100 128 1.85325
9200 100 128 1.77495
9300 100 128 1.79636
9400 100 128 1.81223
9500 100 128 1.83274
9600 100 128 1.85363
9700 100 128 1.87655
9800 100 128 2.01757
9900 100 128 1.98699
