4 0.0275628
5 0.0345794
6 0.0289396
7 0.0202557
8 0.0212152
9 0.0214353
10 0.0162373
11 0.00498313
12 0.000468562
13 0.000472295
14 0.000418742
15 0.000502298
16 0.000520668
17 0.000560938
18 0.000565187
19 0.00059009
20 0.000679369
21 0.000667223
22 0.000680539
23 0.000767416
24 0.000755436
25 0.000739483
26 0.000798171
27 0.000827367
28 0.000871063
29 0.000897917
30 0.000833879
31 0.000953313
32 0.000901624
33 0.000954797
34 0.000976287
35 0.000943524
36 0.000999105
37 0.00109061
38 0.00109246
39 0.00111372
40 0.00116369
41 0.00126042
42 0.00126616
43 0.00123378
44 0.00116969
45 0.00127581
46 0.00138977
47 0.00135235
48 0.00130049
49 0.00133531
2 0.0154333
3 0.0271281
4 0.0175216
5 0.0170747
6 0.0233002
7 0.0218516
8 0.0173245
9 0.0229935
10 0.018444
11 0.00220666
12 0.0057869
13 0.000463355
14 0.000475812
15 0.000477184
16 0.000513967
17 0.000540158
18 0.000571368
19 0.000594704
20 0.000669448
21 0.000607413
22 0.000701093
23 0.000684376
24 0.000719546
25 0.000773833
26 0.000783834
27 0.000755415
28 0.000887875
29 0.000814002
30 0.000857186
31 0.000951805
32 0.000979328
33 0.000913287
34 0.00101039
35 0.000949657
36 0.00105289
37 0.00101801
38 0.00105421
39 0.00109761
40 0.00108812
41 0.0011317
42 0.00111409
43 0.00119285
44 0.00114829
45 0.00118356
46 0.00166755
47 0.00125675
48 0.00131524
49 0.00129383
2 0.0173108
3 0.0161154
4 0.0221893
5 0.0266585
6 0.0167816
7 0.0146452
8 0.0164121
9 0.0269549
10 0.00953966
11 0.00448659
12 0.000415281
13 0.00359188
14 0.000492007
15 0.000474472
16 0.00053964
17 0.000593204
18 0.000586167
19 0.000650765
20 0.000661092
21 0.000615513
22 0.000671318
23 0.00074137
24 0.000694048
25 0.000757245
26 0.00082125
27 0.000785858
28 0.000808409
29 0.000845254
30 0.000897919
31 0.000929826
32 0.000882969
33 0.00099332
34 0.0010635
35 0.000972582
36 0.00101679
37 0.00099953
38 0.00111649
39 0.00110916
40 0.00112177
41 0.00119002
42 0.00126929
43 0.00124682
44 0.00128046
45 0.00128398
46 0.00129004
47 0.00121956
48 0.00141354
49 0.00131489
2 0.0275073
3 0.0136364
4 0.0366618
5 0.0296831
6 0.0256056
7 0.0198248
8 0.0216067
9 0.0213566
10 0.0146219
11 0.00787745
12 0.00374054
13 0.000484668
14 0.00048247
15 0.000529202
16 0.000564075
17 0.000531313
18 0.000650126
19 0.000659123
20 0.000670868
21 0.000652698
22 0.00072198
23 0.000715753
24 0.000780351
25 0.000819394
26 0.00082791
27 0.000852849
28 0.000884893
29 0.000955186
30 0.00103627
31 0.000959928
32 0.00107777
33 0.0010499
34 0.00109995
35 0.0010349
36 0.00133346
37 0.00114496
38 0.0011777
39 0.00113048
40 0.00119067
41 0.00117061
42 0.00123752
43 0.00126756
44 0.00127662
45 0.00134113
46 0.0013229
47 0.00139577
48 0.00142267
49 0.00152366
2 0.0188933
3 0.0129786
4 0.0223608
5 0.03412
6 0.0266817
7 0.0196739
8 0.0277683
9 0.0115943
10 0.0161841
11 0.0073652
12 0.000459823
13 0.000493235
14 0.000498044
15 0.000492098
16 0.000537589
17 0.000572555
18 0.00061678
19 0.000598877
20 0.000658357
21 0.000746713
22 0.000643042
23 0.000711314
24 0.000747082
25 0.000711703
26 0.000872465
27 0.000773743
28 0.000821489
29 0.000908006
30 0.000911098
31 0.000876097
32 0.00110228
33 0.000933911
34 0.000970619
35 0.000972602
36 0.00101639
37 0.00102012
38 0.00108045
39 0.00109331
40 0.00113919
41 0.00116701
42 0.00115623
43 0.00118945
44 0.00116413
45 0.00121745
46 0.00120965
47 0.00125243
48 0.00129509
49 0.00133774
