1 0.000743896
2 0.000657973
3 0.000675266
4 0.00063354
5 0.00067627
6 0.000705195
7 0.000617478
8 0.000660398
9 0.000930747
10 0.000615865
11 0.000672924
12 0.000601537
13 0.000641678
14 0.000636541
15 0.000587053
16 0.000654787
17 0.000692467
18 0.016367
19 0.0241487
20 0.0230625
21 0.0272003
22 0.0268702
23 0.036167
24 0.0517881
25 0.0429648
26 0.0527955
27 0.0657022
28 0.0448783
29 0.0336306
30 0.0717553
31 0.0458367
32 0.0519415
33 0.0513155
34 0.0476191
35 0.0527488
36 0.0578058
37 0.0494147
38 0.0327883
39 0.0588152
40 0.0472525
41 0.0486143
42 0.0291657
43 0.0417012
44 0.0497737
45 0.0403838
46 0.0395562
47 0.0614043
48 0.0372647
49 0.0579461
50 0.0527489
51 0.0413906
52 0.047025
53 0.0615135
54 0.0436774
55 0.0583819
56 0.0475413
57 0.0845592
58 0.0554653
59 0.0472399
60 0.0313964
61 0.0547515
62 0.0491019
63 0.0668055
64 0.0409262
65 0.0503101
66 0.0303009
67 0.0352366
68 0.0248424
69 0.0582582
70 0.0548173
71 0.0444088
72 0.0518694
73 0.0386658
74 0.0545783
75 0.0516401
76 0.058369
77 0.0526595
78 0.0467843
79 0.0497459
80 0.0475237
81 0.0315947
82 0.0683765
83 0.0440969
84 0.0544346
85 0.0391831
86 0.0494832
87 0.037152
88 0.0405552
89 0.0350981
90 0.0424762
91 0.0504719
92 0.0409526
93 0.039645
94 0.0452594
95 0.0355712
96 0.0430833
97 0.0611995
98 0.0214491
99 0.0671663
