1000 128 2.71569
1000 128 2.74257
1000 128 2.76755
1000 128 2.72557
1000 128 2.79743
1000 128 2.99651
1000 128 2.82986
1000 128 2.84259
1000 128 2.83643
1000 128 2.81394
1000 128 2.82935
1000 128 2.82824
1000 128 2.61742
1000 128 2.63573
1000 128 2.71507
1000 128 2.67693
1000 128 2.69145
1000 128 2.70885
1000 128 2.69318
1000 128 2.71775
1000 128 2.76661
1000 128 2.94995
1000 128 2.78998
1000 128 2.93655
1000 128 2.90394
1000 128 2.76518
1000 128 2.9045
1000 128 2.78559
1000 128 2.82023
1000 128 3.20914
1000 128 2.95758
1000 128 2.92675
1000 128 2.95461
1000 128 2.81734
1000 128 2.96759
1000 128 2.86124
1000 128 2.81239
1000 128 2.98105
1000 128 2.81697
1000 128 2.81526
1000 128 3.0426
1000 128 3.02321
1000 128 2.83991
1000 128 2.91034
1000 128 3.01368
1000 128 2.82757
1000 128 2.94299
1000 128 2.89646
1000 128 2.80225
1000 128 2.82225
1000 128 2.94385
1000 128 2.92732
1000 128 2.81126
1000 128 3.14141
1000 128 2.78757
1000 128 2.82345
1000 128 2.99105
1000 128 2.7925
1000 128 2.9101
1000 128 2.95311
1000 128 2.80643
1000 128 3.00281
1000 128 2.87799
1000 128 2.86265
1000 128 3.09066
1000 128 2.87474
1000 128 2.97182
1000 128 2.91316
1000 128 2.79398
1000 128 2.94097
1000 128 2.84304
1000 128 2.76718
1000 128 2.74519
1000 128 2.88494
1000 128 2.90032
1000 128 2.8382
1000 128 3.05701
1000 128 2.81631
1000 128 2.87045
1000 128 3.0754
1000 128 2.83994
1000 128 3.02275
1000 128 2.90971
1000 128 2.63284
1000 128 2.62414
1000 128 2.62575
1000 128 2.6145
1000 128 2.60344
1000 128 2.59539
1000 128 2.60021
1000 128 2.59599
1000 128 2.60082
1000 128 2.61733
1000 128 2.60664
1000 128 2.60358
1000 128 2.59975
1000 128 2.60115
1000 128 2.59611
1000 128 2.61465
